o Torus 3
v -8.127166986465454 0 0
v -7.0383327832793725 -4.063583493232727 0
v -4.063583493232727 -7.0383327832793725 0
v -4.976454376663969e-16 -8.127166986465454 0
v 4.063583493232727 -7.0383327832793725 0
v 7.0383327832793725 -4.063583493232727 0
v 8.127166986465454 -9.952908753327939e-16 0
v 7.0383327832793725 4.063583493232727 0
v 4.063583493232727 7.0383327832793725 0
v 1.4929363847072971e-15 8.127166986465454 0
v -4.063583493232727 7.0383327832793725 0
v -7.0383327832793725 4.063583493232727 0
v -8.127166986465454 1.9905817506655878e-15 0
v -8.075113483923815 0 -0.5285105460148642
v -6.993252946448251 -4.037556741961907 -0.5285105460148642
v -4.037556741961907 -6.993252946448251 -0.5285105460148642
v -4.944580840492026e-16 -8.075113483923815 -0.5285105460148642
v 4.037556741961907 -6.993252946448251 -0.5285105460148642
v 6.993252946448251 -4.037556741961907 -0.5285105460148642
v 8.075113483923815 -9.889161680984052e-16 -0.5285105460148642
v 6.993252946448251 4.037556741961907 -0.5285105460148642
v 4.037556741961907 6.993252946448251 -0.5285105460148642
v 1.4833742521476079e-15 8.075113483923815 -0.5285105460148642
v -4.037556741961907 6.993252946448251 -0.5285105460148642
v -6.993252946448251 4.037556741961907 -0.5285105460148642
v -8.075113483923815 1.9778323361968105e-15 -0.5285105460148642
v -7.920952649267292 0 -1.0367107024022104
v -6.8597457107937885 -3.960476324633646 -1.0367107024022104
v -3.960476324633646 -6.8597457107937885 -1.0367107024022104
v -4.850184647891371e-16 -7.920952649267292 -1.0367107024022104
v 3.960476324633646 -6.8597457107937885 -1.0367107024022104
v 6.8597457107937885 -3.960476324633646 -1.0367107024022104
v 7.920952649267292 -9.700369295782742e-16 -1.0367107024022104
v 6.8597457107937885 3.960476324633646 -1.0367107024022104
v 3.960476324633646 6.8597457107937885 -1.0367107024022104
v 1.4550552868052519e-15 7.920952649267292 -1.0367107024022104
v -3.960476324633646 6.8597457107937885 -1.0367107024022104
v -6.8597457107937885 3.960476324633646 -1.0367107024022104
v -7.920952649267292 1.9400738591565484e-15 -1.0367107024022104
v -7.6706085782536775 0 -1.5050707173708986
v -6.6429420201341145 -3.8353042891268387 -1.5050707173708986
v -3.8353042891268387 -6.6429420201341145 -1.5050707173708986
v -4.696893153419492e-16 -7.6706085782536775 -1.5050707173708986
v 3.8353042891268387 -6.6429420201341145 -1.5050707173708986
v 6.6429420201341145 -3.8353042891268387 -1.5050707173708986
v 7.6706085782536775 -9.393786306838984e-16 -1.5050707173708986
v 6.6429420201341145 3.8353042891268387 -1.5050707173708986
v 3.8353042891268387 6.6429420201341145 -1.5050707173708986
v 1.4090680177339539e-15 7.6706085782536775 -1.5050707173708986
v -3.8353042891268387 6.6429420201341145 -1.5050707173708986
v -6.6429420201341145 3.8353042891268387 -1.5050707173708986
v -7.6706085782536775 1.8787572613677967e-15 -1.5050707173708986
v -7.333703082320369 0 -1.915591596537766
v -6.351173199281675 -3.6668515411601845 -1.915591596537766
v -3.6668515411601845 -6.351173199281675 -1.915591596537766
v -4.4905978950904875e-16 -7.333703082320369 -1.915591596537766
v 3.6668515411601845 -6.351173199281675 -1.915591596537766
v 6.351173199281675 -3.6668515411601845 -1.915591596537766
v 7.333703082320369 -8.981195790180975e-16 -1.915591596537766
v 6.351173199281675 3.6668515411601845 -1.915591596537766
v 3.6668515411601845 6.351173199281675 -1.915591596537766
v 1.347179332673093e-15 7.333703082320369 -1.915591596537766
v -3.6668515411601845 6.351173199281675 -1.915591596537766
v -6.351173199281675 3.6668515411601845 -1.915591596537766
v -7.333703082320369 1.796239158036195e-15 -1.915591596537766
v -6.9231817187366005 0 -2.252497415415675
v -5.995651238888399 -3.4615908593683002 -2.252497415415675
v -3.4615908593683002 -5.995651238888399 -2.252497415415675
v -4.2392262040564837e-16 -6.9231817187366005 -2.252497415415675
v 3.4615908593683002 -5.995651238888399 -2.252497415415675
v 5.995651238888399 -3.4615908593683002 -2.252497415415675
v 6.9231817187366005 -8.478452408112967e-16 -2.252497415415675
v 5.995651238888399 3.4615908593683002 -2.252497415415675
v 3.4615908593683002 5.995651238888399 -2.252497415415675
v 1.2717679329250514e-15 6.9231817187366005 -2.252497415415675
v -3.4615908593683002 5.995651238888399 -2.252497415415675
v -5.995651238888399 3.4615908593683002 -2.252497415415675
v -6.9231817187366005 1.6956904816225935e-15 -2.252497415415675
v -6.454822268920964 0 -2.5028410020123886
v -5.5900399250157875 -3.227411134460482 -2.5028410020123886
v -3.227411134460482 -5.5900399250157875 -2.5028410020123886
v -3.9524385963990214e-16 -6.454822268920964 -2.5028410020123886
v 3.227411134460482 -5.5900399250157875 -2.5028410020123886
v 5.5900399250157875 -3.227411134460482 -2.5028410020123886
v 6.454822268920964 -7.904877192798043e-16 -2.5028410020123886
v 5.5900399250157875 3.227411134460482 -2.5028410020123886
v 3.227411134460482 5.5900399250157875 -2.5028410020123886
v 1.1857315430656533e-15 6.454822268920964 -2.5028410020123886
v -3.227411134460482 5.5900399250157875 -2.5028410020123886
v -5.5900399250157875 3.227411134460482 -2.5028410020123886
v -6.454822268920964 1.5809754385596086e-15 -2.5028410020123886
v -5.946621789589017 0 -2.657001836668911
v -5.149925532934134 -2.9733108947945084 -2.657001836668911
v -2.9733108947945084 -5.149925532934134 -2.657001836668911
v -3.641255890976266e-16 -5.946621789589017 -2.657001836668911
v 2.9733108947945084 -5.149925532934134 -2.657001836668911
v 5.149925532934134 -2.9733108947945084 -2.657001836668911
v 5.946621789589017 -7.282511781952532e-16 -2.657001836668911
v 5.149925532934134 2.9733108947945084 -2.657001836668911
v 2.9733108947945084 5.149925532934134 -2.657001836668911
v 1.0923766955847735e-15 5.946621789589017 -2.657001836668911
v -2.9733108947945084 5.149925532934134 -2.657001836668911
v -5.149925532934134 2.9733108947945084 -2.657001836668911
v -5.946621789589017 1.4565023563905065e-15 -2.657001836668911
v -5.418111324310303 0 -2.7090556621551514
v -4.692221963167782 -2.7090556621551514 -2.7090556621551514
v -2.7090556621551514 -4.692221963167782 -2.7090556621551514
v -3.317636490136334e-16 -5.418111324310303 -2.7090556621551514
v 2.7090556621551514 -4.692221963167782 -2.7090556621551514
v 4.692221963167782 -2.7090556621551514 -2.7090556621551514
v 5.418111324310303 -6.635272980272668e-16 -2.7090556621551514
v 4.692221963167782 2.7090556621551514 -2.7090556621551514
v 2.7090556621551514 4.692221963167782 -2.7090556621551514
v 9.952908753327939e-16 5.418111324310303 -2.7090556621551514
v -2.7090556621551514 4.692221963167782 -2.7090556621551514
v -4.692221963167782 2.7090556621551514 -2.7090556621551514
v -5.418111324310303 1.3270545960545336e-15 -2.7090556621551514
v -4.889600859031589 0 -2.657001836668911
v -4.23451839340143 -2.4448004295157943 -2.657001836668911
v -2.4448004295157943 -4.23451839340143 -2.657001836668911
v -2.994016910026136e-16 -4.889600859031589 -2.657001836668911
v 2.4448004295157943 -4.23451839340143 -2.657001836668911
v 4.23451839340143 -2.4448004295157943 -2.657001836668911
v 4.889600859031589 -5.988033820052272e-16 -2.657001836668911
v 4.23451839340143 2.4448004295157943 -2.657001836668911
v 2.4448004295157943 4.23451839340143 -2.657001836668911
v 8.982051267889205e-16 4.889600859031589 -2.657001836668911
v -2.4448004295157943 4.23451839340143 -2.657001836668911
v -4.23451839340143 2.4448004295157943 -2.657001836668911
v -4.889600859031589 1.1976067640104544e-15 -2.657001836668911
v -4.3814007026442425 0 -2.5028410020123886
v -3.7944043242643772 -2.1907003513221213 -2.5028410020123886
v -2.1907003513221213 -3.7944043242643772 -2.5028410020123886
v -2.682834025333115e-16 -4.3814007026442425 -2.5028410020123886
v 2.1907003513221213 -3.7944043242643772 -2.5028410020123886
v 3.7944043242643772 -2.1907003513221213 -2.5028410020123886
v 4.3814007026442425 -5.36566805066623e-16 -2.5028410020123886
v 3.7944043242643772 2.1907003513221213 -2.5028410020123886
v 2.1907003513221213 3.7944043242643772 -2.5028410020123886
v 8.048502075999345e-16 4.3814007026442425 -2.5028410020123886
v -2.1907003513221213 3.7944043242643772 -2.5028410020123886
v -3.7944043242643772 2.1907003513221213 -2.5028410020123886
v -4.3814007026442425 1.073133610133246e-15 -2.5028410020123886
v -3.913040606939404 0 -2.252497415415675
v -3.3887926874471646 -1.956520303469702 -2.252497415415675
v -1.956520303469702 -3.3887926874471646 -2.252497415415675
v -2.3960464176756527e-16 -3.913040606939404 -2.252497415415675
v 1.956520303469702 -3.3887926874471646 -2.252497415415675
v 3.3887926874471646 -1.956520303469702 -2.252497415415675
v 3.913040606939404 -4.792092835351305e-16 -2.252497415415675
v 3.3887926874471646 1.956520303469702 -2.252497415415675
v 1.956520303469702 3.3887926874471646 -2.252497415415675
v 7.188138894486427e-16 3.913040606939404 -2.252497415415675
v -1.956520303469702 3.3887926874471646 -2.252497415415675
v -3.3887926874471646 1.956520303469702 -2.252497415415675
v -3.913040606939404 9.58418567070261e-16 -2.252497415415675
v -3.5025195663002364 0 -1.915591596537766
v -3.03327104999849 -1.7512597831501182 -1.915591596537766
v -1.7512597831501182 -3.03327104999849 -1.915591596537766
v -2.1446747266416489e-16 -3.5025195663002364 -1.915591596537766
v 1.7512597831501182 -3.03327104999849 -1.915591596537766
v 3.03327104999849 -1.7512597831501182 -1.915591596537766
v 3.5025195663002364 -4.2893494532832977e-16 -1.915591596537766
v 3.03327104999849 1.7512597831501182 -1.915591596537766
v 1.7512597831501182 3.03327104999849 -1.915591596537766
v 6.434024179924947e-16 3.5025195663002364 -1.915591596537766
v -1.7512597831501182 3.03327104999849 -1.915591596537766
v -3.03327104999849 1.7512597831501182 -1.915591596537766
v -3.5025195663002364 8.578698906566595e-16 -1.915591596537766
v -3.165613747422327 0 -1.5050707173708986
v -2.7415019062014494 -1.5828068737111636 -1.5050707173708986
v -1.5828068737111636 -2.7415019062014494 -1.5050707173708986
v -1.9383794683126445e-16 -3.165613747422327 -1.5050707173708986
v 1.5828068737111636 -2.7415019062014494 -1.5050707173708986
v 2.7415019062014494 -1.5828068737111636 -1.5050707173708986
v 3.165613747422327 -3.876758936625289e-16 -1.5050707173708986
v 2.7415019062014494 1.5828068737111636 -1.5050707173708986
v 1.5828068737111636 2.7415019062014494 -1.5050707173708986
v 5.815138404937934e-16 3.165613747422327 -1.5050707173708986
v -1.5828068737111636 2.7415019062014494 -1.5050707173708986
v -2.7415019062014494 1.5828068737111636 -1.5050707173708986
v -3.165613747422327 7.753517873250578e-16 -1.5050707173708986
v -2.915270322297914 0 -1.0367107024022104
v -2.524698054069475 -1.457635161148957 -1.0367107024022104
v -1.457635161148957 -2.524698054069475 -1.0367107024022104
v -1.785088153111031e-16 -2.915270322297914 -1.0367107024022104
v 1.457635161148957 -2.524698054069475 -1.0367107024022104
v 2.524698054069475 -1.457635161148957 -1.0367107024022104
v 2.915270322297914 -3.570176306222062e-16 -1.0367107024022104
v 2.524698054069475 1.457635161148957 -1.0367107024022104
v 1.457635161148957 2.524698054069475 -1.0367107024022104
v 5.355264638603359e-16 2.915270322297914 -1.0367107024022104
v -1.457635161148957 2.524698054069475 -1.0367107024022104
v -2.524698054069475 1.457635161148957 -1.0367107024022104
v -2.915270322297914 7.140352612444124e-16 -1.0367107024022104
v -2.7611094876413915 0 -0.5285105460148642
v -2.391190818415012 -1.3805547438206958 -0.5285105460148642
v -1.3805547438206958 -2.391190818415012 -0.5285105460148642
v -1.690691960510376e-16 -2.7611094876413915 -0.5285105460148642
v 1.3805547438206958 -2.391190818415012 -0.5285105460148642
v 2.391190818415012 -1.3805547438206958 -0.5285105460148642
v 2.7611094876413915 -3.381383921020752e-16 -0.5285105460148642
v 2.391190818415012 1.3805547438206958 -0.5285105460148642
v 1.3805547438206958 2.391190818415012 -0.5285105460148642
v 5.072075702260862e-16 2.7611094876413915 -0.5285105460148642
v -1.3805547438206958 2.391190818415012 -0.5285105460148642
v -2.391190818415012 1.3805547438206958 -0.5285105460148642
v -2.7611094876413915 6.762767842041504e-16 -0.5285105460148642
v -2.7090556621551514 0 -3.317636490136334e-16
v -2.346110981583891 -1.3545278310775757 -3.317636490136334e-16
v -1.3545278310775757 -2.346110981583891 -3.317636490136334e-16
v -1.658818245068167e-16 -2.7090556621551514 -3.317636490136334e-16
v 1.3545278310775757 -2.346110981583891 -3.317636490136334e-16
v 2.346110981583891 -1.3545278310775757 -3.317636490136334e-16
v 2.7090556621551514 -3.317636490136334e-16 -3.317636490136334e-16
v 2.346110981583891 1.3545278310775757 -3.317636490136334e-16
v 1.3545278310775757 2.346110981583891 -3.317636490136334e-16
v 4.976454376663969e-16 2.7090556621551514 -3.317636490136334e-16
v -1.3545278310775757 2.346110981583891 -3.317636490136334e-16
v -2.346110981583891 1.3545278310775757 -3.317636490136334e-16
v -2.7090556621551514 6.635272980272668e-16 -3.317636490136334e-16
v -2.7611094876413915 0 0.5285105460148642
v -2.391190818415012 -1.3805547438206958 0.5285105460148642
v -1.3805547438206958 -2.391190818415012 0.5285105460148642
v -1.690691960510376e-16 -2.7611094876413915 0.5285105460148642
v 1.3805547438206958 -2.391190818415012 0.5285105460148642
v 2.391190818415012 -1.3805547438206958 0.5285105460148642
v 2.7611094876413915 -3.381383921020752e-16 0.5285105460148642
v 2.391190818415012 1.3805547438206958 0.5285105460148642
v 1.3805547438206958 2.391190818415012 0.5285105460148642
v 5.072075702260862e-16 2.7611094876413915 0.5285105460148642
v -1.3805547438206958 2.391190818415012 0.5285105460148642
v -2.391190818415012 1.3805547438206958 0.5285105460148642
v -2.7611094876413915 6.762767842041504e-16 0.5285105460148642
v -2.915270322297914 0 1.0367107024022104
v -2.524698054069475 -1.457635161148957 1.0367107024022104
v -1.457635161148957 -2.524698054069475 1.0367107024022104
v -1.785088153111031e-16 -2.915270322297914 1.0367107024022104
v 1.457635161148957 -2.524698054069475 1.0367107024022104
v 2.524698054069475 -1.457635161148957 1.0367107024022104
v 2.915270322297914 -3.570176306222062e-16 1.0367107024022104
v 2.524698054069475 1.457635161148957 1.0367107024022104
v 1.457635161148957 2.524698054069475 1.0367107024022104
v 5.355264638603359e-16 2.915270322297914 1.0367107024022104
v -1.457635161148957 2.524698054069475 1.0367107024022104
v -2.524698054069475 1.457635161148957 1.0367107024022104
v -2.915270322297914 7.140352612444124e-16 1.0367107024022104
v -3.165613747422327 0 1.5050707173708986
v -2.7415019062014494 -1.5828068737111636 1.5050707173708986
v -1.5828068737111636 -2.7415019062014494 1.5050707173708986
v -1.9383794683126445e-16 -3.165613747422327 1.5050707173708986
v 1.5828068737111636 -2.7415019062014494 1.5050707173708986
v 2.7415019062014494 -1.5828068737111636 1.5050707173708986
v 3.165613747422327 -3.876758936625289e-16 1.5050707173708986
v 2.7415019062014494 1.5828068737111636 1.5050707173708986
v 1.5828068737111636 2.7415019062014494 1.5050707173708986
v 5.815138404937934e-16 3.165613747422327 1.5050707173708986
v -1.5828068737111636 2.7415019062014494 1.5050707173708986
v -2.7415019062014494 1.5828068737111636 1.5050707173708986
v -3.165613747422327 7.753517873250578e-16 1.5050707173708986
v -3.5025195663002364 0 1.915591596537766
v -3.03327104999849 -1.7512597831501182 1.915591596537766
v -1.7512597831501182 -3.03327104999849 1.915591596537766
v -2.1446747266416489e-16 -3.5025195663002364 1.915591596537766
v 1.7512597831501182 -3.03327104999849 1.915591596537766
v 3.03327104999849 -1.7512597831501182 1.915591596537766
v 3.5025195663002364 -4.2893494532832977e-16 1.915591596537766
v 3.03327104999849 1.7512597831501182 1.915591596537766
v 1.7512597831501182 3.03327104999849 1.915591596537766
v 6.434024179924947e-16 3.5025195663002364 1.915591596537766
v -1.7512597831501182 3.03327104999849 1.915591596537766
v -3.03327104999849 1.7512597831501182 1.915591596537766
v -3.5025195663002364 8.578698906566595e-16 1.915591596537766
v -3.913040606939404 0 2.252497415415675
v -3.3887926874471646 -1.956520303469702 2.252497415415675
v -1.956520303469702 -3.3887926874471646 2.252497415415675
v -2.3960464176756527e-16 -3.913040606939404 2.252497415415675
v 1.956520303469702 -3.3887926874471646 2.252497415415675
v 3.3887926874471646 -1.956520303469702 2.252497415415675
v 3.913040606939404 -4.792092835351305e-16 2.252497415415675
v 3.3887926874471646 1.956520303469702 2.252497415415675
v 1.956520303469702 3.3887926874471646 2.252497415415675
v 7.188138894486427e-16 3.913040606939404 2.252497415415675
v -1.956520303469702 3.3887926874471646 2.252497415415675
v -3.3887926874471646 1.956520303469702 2.252497415415675
v -3.913040606939404 9.58418567070261e-16 2.252497415415675
v -4.3814007026442425 0 2.5028410020123886
v -3.7944043242643772 -2.1907003513221213 2.5028410020123886
v -2.1907003513221213 -3.7944043242643772 2.5028410020123886
v -2.682834025333115e-16 -4.3814007026442425 2.5028410020123886
v 2.1907003513221213 -3.7944043242643772 2.5028410020123886
v 3.7944043242643772 -2.1907003513221213 2.5028410020123886
v 4.3814007026442425 -5.36566805066623e-16 2.5028410020123886
v 3.7944043242643772 2.1907003513221213 2.5028410020123886
v 2.1907003513221213 3.7944043242643772 2.5028410020123886
v 8.048502075999345e-16 4.3814007026442425 2.5028410020123886
v -2.1907003513221213 3.7944043242643772 2.5028410020123886
v -3.7944043242643772 2.1907003513221213 2.5028410020123886
v -4.3814007026442425 1.073133610133246e-15 2.5028410020123886
v -4.889600859031589 0 2.657001836668911
v -4.23451839340143 -2.4448004295157943 2.657001836668911
v -2.4448004295157943 -4.23451839340143 2.657001836668911
v -2.994016910026136e-16 -4.889600859031589 2.657001836668911
v 2.4448004295157943 -4.23451839340143 2.657001836668911
v 4.23451839340143 -2.4448004295157943 2.657001836668911
v 4.889600859031589 -5.988033820052272e-16 2.657001836668911
v 4.23451839340143 2.4448004295157943 2.657001836668911
v 2.4448004295157943 4.23451839340143 2.657001836668911
v 8.982051267889205e-16 4.889600859031589 2.657001836668911
v -2.4448004295157943 4.23451839340143 2.657001836668911
v -4.23451839340143 2.4448004295157943 2.657001836668911
v -4.889600859031589 1.1976067640104544e-15 2.657001836668911
v -5.418111324310303 0 2.7090556621551514
v -4.692221963167782 -2.7090556621551514 2.7090556621551514
v -2.7090556621551514 -4.692221963167782 2.7090556621551514
v -3.317636490136334e-16 -5.418111324310303 2.7090556621551514
v 2.7090556621551514 -4.692221963167782 2.7090556621551514
v 4.692221963167782 -2.7090556621551514 2.7090556621551514
v 5.418111324310303 -6.635272980272668e-16 2.7090556621551514
v 4.692221963167782 2.7090556621551514 2.7090556621551514
v 2.7090556621551514 4.692221963167782 2.7090556621551514
v 9.952908753327939e-16 5.418111324310303 2.7090556621551514
v -2.7090556621551514 4.692221963167782 2.7090556621551514
v -4.692221963167782 2.7090556621551514 2.7090556621551514
v -5.418111324310303 1.3270545960545336e-15 2.7090556621551514
v -5.946621789589017 0 2.657001836668911
v -5.149925532934134 -2.9733108947945084 2.657001836668911
v -2.9733108947945084 -5.149925532934134 2.657001836668911
v -3.641255890976266e-16 -5.946621789589017 2.657001836668911
v 2.9733108947945084 -5.149925532934134 2.657001836668911
v 5.149925532934134 -2.9733108947945084 2.657001836668911
v 5.946621789589017 -7.282511781952532e-16 2.657001836668911
v 5.149925532934134 2.9733108947945084 2.657001836668911
v 2.9733108947945084 5.149925532934134 2.657001836668911
v 1.0923766955847735e-15 5.946621789589017 2.657001836668911
v -2.9733108947945084 5.149925532934134 2.657001836668911
v -5.149925532934134 2.9733108947945084 2.657001836668911
v -5.946621789589017 1.4565023563905065e-15 2.657001836668911
v -6.454822268920964 0 2.5028410020123886
v -5.5900399250157875 -3.227411134460482 2.5028410020123886
v -3.227411134460482 -5.5900399250157875 2.5028410020123886
v -3.9524385963990214e-16 -6.454822268920964 2.5028410020123886
v 3.227411134460482 -5.5900399250157875 2.5028410020123886
v 5.5900399250157875 -3.227411134460482 2.5028410020123886
v 6.454822268920964 -7.904877192798043e-16 2.5028410020123886
v 5.5900399250157875 3.227411134460482 2.5028410020123886
v 3.227411134460482 5.5900399250157875 2.5028410020123886
v 1.1857315430656533e-15 6.454822268920964 2.5028410020123886
v -3.227411134460482 5.5900399250157875 2.5028410020123886
v -5.5900399250157875 3.227411134460482 2.5028410020123886
v -6.454822268920964 1.5809754385596086e-15 2.5028410020123886
v -6.9231817187366005 0 2.252497415415675
v -5.995651238888399 -3.4615908593683002 2.252497415415675
v -3.4615908593683002 -5.995651238888399 2.252497415415675
v -4.2392262040564837e-16 -6.9231817187366005 2.252497415415675
v 3.4615908593683002 -5.995651238888399 2.252497415415675
v 5.995651238888399 -3.4615908593683002 2.252497415415675
v 6.9231817187366005 -8.478452408112967e-16 2.252497415415675
v 5.995651238888399 3.4615908593683002 2.252497415415675
v 3.4615908593683002 5.995651238888399 2.252497415415675
v 1.2717679329250514e-15 6.9231817187366005 2.252497415415675
v -3.4615908593683002 5.995651238888399 2.252497415415675
v -5.995651238888399 3.4615908593683002 2.252497415415675
v -6.9231817187366005 1.6956904816225935e-15 2.252497415415675
v -7.333703082320369 0 1.915591596537766
v -6.351173199281675 -3.6668515411601845 1.915591596537766
v -3.6668515411601845 -6.351173199281675 1.915591596537766
v -4.4905978950904875e-16 -7.333703082320369 1.915591596537766
v 3.6668515411601845 -6.351173199281675 1.915591596537766
v 6.351173199281675 -3.6668515411601845 1.915591596537766
v 7.333703082320369 -8.981195790180975e-16 1.915591596537766
v 6.351173199281675 3.6668515411601845 1.915591596537766
v 3.6668515411601845 6.351173199281675 1.915591596537766
v 1.347179332673093e-15 7.333703082320369 1.915591596537766
v -3.6668515411601845 6.351173199281675 1.915591596537766
v -6.351173199281675 3.6668515411601845 1.915591596537766
v -7.333703082320369 1.796239158036195e-15 1.915591596537766
v -7.6706085782536775 0 1.5050707173708986
v -6.6429420201341145 -3.8353042891268387 1.5050707173708986
v -3.8353042891268387 -6.6429420201341145 1.5050707173708986
v -4.696893153419492e-16 -7.6706085782536775 1.5050707173708986
v 3.8353042891268387 -6.6429420201341145 1.5050707173708986
v 6.6429420201341145 -3.8353042891268387 1.5050707173708986
v 7.6706085782536775 -9.393786306838984e-16 1.5050707173708986
v 6.6429420201341145 3.8353042891268387 1.5050707173708986
v 3.8353042891268387 6.6429420201341145 1.5050707173708986
v 1.4090680177339539e-15 7.6706085782536775 1.5050707173708986
v -3.8353042891268387 6.6429420201341145 1.5050707173708986
v -6.6429420201341145 3.8353042891268387 1.5050707173708986
v -7.6706085782536775 1.8787572613677967e-15 1.5050707173708986
v -7.920952649267292 0 1.0367107024022104
v -6.8597457107937885 -3.960476324633646 1.0367107024022104
v -3.960476324633646 -6.8597457107937885 1.0367107024022104
v -4.850184647891371e-16 -7.920952649267292 1.0367107024022104
v 3.960476324633646 -6.8597457107937885 1.0367107024022104
v 6.8597457107937885 -3.960476324633646 1.0367107024022104
v 7.920952649267292 -9.700369295782742e-16 1.0367107024022104
v 6.8597457107937885 3.960476324633646 1.0367107024022104
v 3.960476324633646 6.8597457107937885 1.0367107024022104
v 1.4550552868052519e-15 7.920952649267292 1.0367107024022104
v -3.960476324633646 6.8597457107937885 1.0367107024022104
v -6.8597457107937885 3.960476324633646 1.0367107024022104
v -7.920952649267292 1.9400738591565484e-15 1.0367107024022104
v -8.075113483923815 0 0.5285105460148642
v -6.993252946448251 -4.037556741961907 0.5285105460148642
v -4.037556741961907 -6.993252946448251 0.5285105460148642
v -4.944580840492026e-16 -8.075113483923815 0.5285105460148642
v 4.037556741961907 -6.993252946448251 0.5285105460148642
v 6.993252946448251 -4.037556741961907 0.5285105460148642
v 8.075113483923815 -9.889161680984052e-16 0.5285105460148642
v 6.993252946448251 4.037556741961907 0.5285105460148642
v 4.037556741961907 6.993252946448251 0.5285105460148642
v 1.4833742521476079e-15 8.075113483923815 0.5285105460148642
v -4.037556741961907 6.993252946448251 0.5285105460148642
v -6.993252946448251 4.037556741961907 0.5285105460148642
v -8.075113483923815 1.9778323361968105e-15 0.5285105460148642
v -8.127166986465454 0 6.635272980272668e-16
v -7.0383327832793725 -4.063583493232727 6.635272980272668e-16
v -4.063583493232727 -7.0383327832793725 6.635272980272668e-16
v -4.976454376663969e-16 -8.127166986465454 6.635272980272668e-16
v 4.063583493232727 -7.0383327832793725 6.635272980272668e-16
v 7.0383327832793725 -4.063583493232727 6.635272980272668e-16
v 8.127166986465454 -9.952908753327939e-16 6.635272980272668e-16
v 7.0383327832793725 4.063583493232727 6.635272980272668e-16
v 4.063583493232727 7.0383327832793725 6.635272980272668e-16
v 1.4929363847072971e-15 8.127166986465454 6.635272980272668e-16
v -4.063583493232727 7.0383327832793725 6.635272980272668e-16
v -7.0383327832793725 4.063583493232727 6.635272980272668e-16
v -8.127166986465454 1.9905817506655878e-15 6.635272980272668e-16
vt 0 0
vt 0.0833333358168602 0
vt 0.1666666716337204 0
vt 0.25 0
vt 0.3333333432674408 0
vt 0.4166666567325592 0
vt 0.5 0
vt 0.5833333134651184 0
vt 0.6666666865348816 0
vt 0.75 0
vt 0.8333333134651184 0
vt 0.9166666865348816 0
vt 1 0
vt 0 0.03125
vt 0.0833333358168602 0.03125
vt 0.1666666716337204 0.03125
vt 0.25 0.03125
vt 0.3333333432674408 0.03125
vt 0.4166666567325592 0.03125
vt 0.5 0.03125
vt 0.5833333134651184 0.03125
vt 0.6666666865348816 0.03125
vt 0.75 0.03125
vt 0.8333333134651184 0.03125
vt 0.9166666865348816 0.03125
vt 1 0.03125
vt 0 0.0625
vt 0.0833333358168602 0.0625
vt 0.1666666716337204 0.0625
vt 0.25 0.0625
vt 0.3333333432674408 0.0625
vt 0.4166666567325592 0.0625
vt 0.5 0.0625
vt 0.5833333134651184 0.0625
vt 0.6666666865348816 0.0625
vt 0.75 0.0625
vt 0.8333333134651184 0.0625
vt 0.9166666865348816 0.0625
vt 1 0.0625
vt 0 0.09375
vt 0.0833333358168602 0.09375
vt 0.1666666716337204 0.09375
vt 0.25 0.09375
vt 0.3333333432674408 0.09375
vt 0.4166666567325592 0.09375
vt 0.5 0.09375
vt 0.5833333134651184 0.09375
vt 0.6666666865348816 0.09375
vt 0.75 0.09375
vt 0.8333333134651184 0.09375
vt 0.9166666865348816 0.09375
vt 1 0.09375
vt 0 0.125
vt 0.0833333358168602 0.125
vt 0.1666666716337204 0.125
vt 0.25 0.125
vt 0.3333333432674408 0.125
vt 0.4166666567325592 0.125
vt 0.5 0.125
vt 0.5833333134651184 0.125
vt 0.6666666865348816 0.125
vt 0.75 0.125
vt 0.8333333134651184 0.125
vt 0.9166666865348816 0.125
vt 1 0.125
vt 0 0.15625
vt 0.0833333358168602 0.15625
vt 0.1666666716337204 0.15625
vt 0.25 0.15625
vt 0.3333333432674408 0.15625
vt 0.4166666567325592 0.15625
vt 0.5 0.15625
vt 0.5833333134651184 0.15625
vt 0.6666666865348816 0.15625
vt 0.75 0.15625
vt 0.8333333134651184 0.15625
vt 0.9166666865348816 0.15625
vt 1 0.15625
vt 0 0.1875
vt 0.0833333358168602 0.1875
vt 0.1666666716337204 0.1875
vt 0.25 0.1875
vt 0.3333333432674408 0.1875
vt 0.4166666567325592 0.1875
vt 0.5 0.1875
vt 0.5833333134651184 0.1875
vt 0.6666666865348816 0.1875
vt 0.75 0.1875
vt 0.8333333134651184 0.1875
vt 0.9166666865348816 0.1875
vt 1 0.1875
vt 0 0.21875
vt 0.0833333358168602 0.21875
vt 0.1666666716337204 0.21875
vt 0.25 0.21875
vt 0.3333333432674408 0.21875
vt 0.4166666567325592 0.21875
vt 0.5 0.21875
vt 0.5833333134651184 0.21875
vt 0.6666666865348816 0.21875
vt 0.75 0.21875
vt 0.8333333134651184 0.21875
vt 0.9166666865348816 0.21875
vt 1 0.21875
vt 0 0.25
vt 0.0833333358168602 0.25
vt 0.1666666716337204 0.25
vt 0.25 0.25
vt 0.3333333432674408 0.25
vt 0.4166666567325592 0.25
vt 0.5 0.25
vt 0.5833333134651184 0.25
vt 0.6666666865348816 0.25
vt 0.75 0.25
vt 0.8333333134651184 0.25
vt 0.9166666865348816 0.25
vt 1 0.25
vt 0 0.28125
vt 0.0833333358168602 0.28125
vt 0.1666666716337204 0.28125
vt 0.25 0.28125
vt 0.3333333432674408 0.28125
vt 0.4166666567325592 0.28125
vt 0.5 0.28125
vt 0.5833333134651184 0.28125
vt 0.6666666865348816 0.28125
vt 0.75 0.28125
vt 0.8333333134651184 0.28125
vt 0.9166666865348816 0.28125
vt 1 0.28125
vt 0 0.3125
vt 0.0833333358168602 0.3125
vt 0.1666666716337204 0.3125
vt 0.25 0.3125
vt 0.3333333432674408 0.3125
vt 0.4166666567325592 0.3125
vt 0.5 0.3125
vt 0.5833333134651184 0.3125
vt 0.6666666865348816 0.3125
vt 0.75 0.3125
vt 0.8333333134651184 0.3125
vt 0.9166666865348816 0.3125
vt 1 0.3125
vt 0 0.34375
vt 0.0833333358168602 0.34375
vt 0.1666666716337204 0.34375
vt 0.25 0.34375
vt 0.3333333432674408 0.34375
vt 0.4166666567325592 0.34375
vt 0.5 0.34375
vt 0.5833333134651184 0.34375
vt 0.6666666865348816 0.34375
vt 0.75 0.34375
vt 0.8333333134651184 0.34375
vt 0.9166666865348816 0.34375
vt 1 0.34375
vt 0 0.375
vt 0.0833333358168602 0.375
vt 0.1666666716337204 0.375
vt 0.25 0.375
vt 0.3333333432674408 0.375
vt 0.4166666567325592 0.375
vt 0.5 0.375
vt 0.5833333134651184 0.375
vt 0.6666666865348816 0.375
vt 0.75 0.375
vt 0.8333333134651184 0.375
vt 0.9166666865348816 0.375
vt 1 0.375
vt 0 0.40625
vt 0.0833333358168602 0.40625
vt 0.1666666716337204 0.40625
vt 0.25 0.40625
vt 0.3333333432674408 0.40625
vt 0.4166666567325592 0.40625
vt 0.5 0.40625
vt 0.5833333134651184 0.40625
vt 0.6666666865348816 0.40625
vt 0.75 0.40625
vt 0.8333333134651184 0.40625
vt 0.9166666865348816 0.40625
vt 1 0.40625
vt 0 0.4375
vt 0.0833333358168602 0.4375
vt 0.1666666716337204 0.4375
vt 0.25 0.4375
vt 0.3333333432674408 0.4375
vt 0.4166666567325592 0.4375
vt 0.5 0.4375
vt 0.5833333134651184 0.4375
vt 0.6666666865348816 0.4375
vt 0.75 0.4375
vt 0.8333333134651184 0.4375
vt 0.9166666865348816 0.4375
vt 1 0.4375
vt 0 0.46875
vt 0.0833333358168602 0.46875
vt 0.1666666716337204 0.46875
vt 0.25 0.46875
vt 0.3333333432674408 0.46875
vt 0.4166666567325592 0.46875
vt 0.5 0.46875
vt 0.5833333134651184 0.46875
vt 0.6666666865348816 0.46875
vt 0.75 0.46875
vt 0.8333333134651184 0.46875
vt 0.9166666865348816 0.46875
vt 1 0.46875
vt 0 0.5
vt 0.0833333358168602 0.5
vt 0.1666666716337204 0.5
vt 0.25 0.5
vt 0.3333333432674408 0.5
vt 0.4166666567325592 0.5
vt 0.5 0.5
vt 0.5833333134651184 0.5
vt 0.6666666865348816 0.5
vt 0.75 0.5
vt 0.8333333134651184 0.5
vt 0.9166666865348816 0.5
vt 1 0.5
vt 0 0.53125
vt 0.0833333358168602 0.53125
vt 0.1666666716337204 0.53125
vt 0.25 0.53125
vt 0.3333333432674408 0.53125
vt 0.4166666567325592 0.53125
vt 0.5 0.53125
vt 0.5833333134651184 0.53125
vt 0.6666666865348816 0.53125
vt 0.75 0.53125
vt 0.8333333134651184 0.53125
vt 0.9166666865348816 0.53125
vt 1 0.53125
vt 0 0.5625
vt 0.0833333358168602 0.5625
vt 0.1666666716337204 0.5625
vt 0.25 0.5625
vt 0.3333333432674408 0.5625
vt 0.4166666567325592 0.5625
vt 0.5 0.5625
vt 0.5833333134651184 0.5625
vt 0.6666666865348816 0.5625
vt 0.75 0.5625
vt 0.8333333134651184 0.5625
vt 0.9166666865348816 0.5625
vt 1 0.5625
vt 0 0.59375
vt 0.0833333358168602 0.59375
vt 0.1666666716337204 0.59375
vt 0.25 0.59375
vt 0.3333333432674408 0.59375
vt 0.4166666567325592 0.59375
vt 0.5 0.59375
vt 0.5833333134651184 0.59375
vt 0.6666666865348816 0.59375
vt 0.75 0.59375
vt 0.8333333134651184 0.59375
vt 0.9166666865348816 0.59375
vt 1 0.59375
vt 0 0.625
vt 0.0833333358168602 0.625
vt 0.1666666716337204 0.625
vt 0.25 0.625
vt 0.3333333432674408 0.625
vt 0.4166666567325592 0.625
vt 0.5 0.625
vt 0.5833333134651184 0.625
vt 0.6666666865348816 0.625
vt 0.75 0.625
vt 0.8333333134651184 0.625
vt 0.9166666865348816 0.625
vt 1 0.625
vt 0 0.65625
vt 0.0833333358168602 0.65625
vt 0.1666666716337204 0.65625
vt 0.25 0.65625
vt 0.3333333432674408 0.65625
vt 0.4166666567325592 0.65625
vt 0.5 0.65625
vt 0.5833333134651184 0.65625
vt 0.6666666865348816 0.65625
vt 0.75 0.65625
vt 0.8333333134651184 0.65625
vt 0.9166666865348816 0.65625
vt 1 0.65625
vt 0 0.6875
vt 0.0833333358168602 0.6875
vt 0.1666666716337204 0.6875
vt 0.25 0.6875
vt 0.3333333432674408 0.6875
vt 0.4166666567325592 0.6875
vt 0.5 0.6875
vt 0.5833333134651184 0.6875
vt 0.6666666865348816 0.6875
vt 0.75 0.6875
vt 0.8333333134651184 0.6875
vt 0.9166666865348816 0.6875
vt 1 0.6875
vt 0 0.71875
vt 0.0833333358168602 0.71875
vt 0.1666666716337204 0.71875
vt 0.25 0.71875
vt 0.3333333432674408 0.71875
vt 0.4166666567325592 0.71875
vt 0.5 0.71875
vt 0.5833333134651184 0.71875
vt 0.6666666865348816 0.71875
vt 0.75 0.71875
vt 0.8333333134651184 0.71875
vt 0.9166666865348816 0.71875
vt 1 0.71875
vt 0 0.75
vt 0.0833333358168602 0.75
vt 0.1666666716337204 0.75
vt 0.25 0.75
vt 0.3333333432674408 0.75
vt 0.4166666567325592 0.75
vt 0.5 0.75
vt 0.5833333134651184 0.75
vt 0.6666666865348816 0.75
vt 0.75 0.75
vt 0.8333333134651184 0.75
vt 0.9166666865348816 0.75
vt 1 0.75
vt 0 0.78125
vt 0.0833333358168602 0.78125
vt 0.1666666716337204 0.78125
vt 0.25 0.78125
vt 0.3333333432674408 0.78125
vt 0.4166666567325592 0.78125
vt 0.5 0.78125
vt 0.5833333134651184 0.78125
vt 0.6666666865348816 0.78125
vt 0.75 0.78125
vt 0.8333333134651184 0.78125
vt 0.9166666865348816 0.78125
vt 1 0.78125
vt 0 0.8125
vt 0.0833333358168602 0.8125
vt 0.1666666716337204 0.8125
vt 0.25 0.8125
vt 0.3333333432674408 0.8125
vt 0.4166666567325592 0.8125
vt 0.5 0.8125
vt 0.5833333134651184 0.8125
vt 0.6666666865348816 0.8125
vt 0.75 0.8125
vt 0.8333333134651184 0.8125
vt 0.9166666865348816 0.8125
vt 1 0.8125
vt 0 0.84375
vt 0.0833333358168602 0.84375
vt 0.1666666716337204 0.84375
vt 0.25 0.84375
vt 0.3333333432674408 0.84375
vt 0.4166666567325592 0.84375
vt 0.5 0.84375
vt 0.5833333134651184 0.84375
vt 0.6666666865348816 0.84375
vt 0.75 0.84375
vt 0.8333333134651184 0.84375
vt 0.9166666865348816 0.84375
vt 1 0.84375
vt 0 0.875
vt 0.0833333358168602 0.875
vt 0.1666666716337204 0.875
vt 0.25 0.875
vt 0.3333333432674408 0.875
vt 0.4166666567325592 0.875
vt 0.5 0.875
vt 0.5833333134651184 0.875
vt 0.6666666865348816 0.875
vt 0.75 0.875
vt 0.8333333134651184 0.875
vt 0.9166666865348816 0.875
vt 1 0.875
vt 0 0.90625
vt 0.0833333358168602 0.90625
vt 0.1666666716337204 0.90625
vt 0.25 0.90625
vt 0.3333333432674408 0.90625
vt 0.4166666567325592 0.90625
vt 0.5 0.90625
vt 0.5833333134651184 0.90625
vt 0.6666666865348816 0.90625
vt 0.75 0.90625
vt 0.8333333134651184 0.90625
vt 0.9166666865348816 0.90625
vt 1 0.90625
vt 0 0.9375
vt 0.0833333358168602 0.9375
vt 0.1666666716337204 0.9375
vt 0.25 0.9375
vt 0.3333333432674408 0.9375
vt 0.4166666567325592 0.9375
vt 0.5 0.9375
vt 0.5833333134651184 0.9375
vt 0.6666666865348816 0.9375
vt 0.75 0.9375
vt 0.8333333134651184 0.9375
vt 0.9166666865348816 0.9375
vt 1 0.9375
vt 0 0.96875
vt 0.0833333358168602 0.96875
vt 0.1666666716337204 0.96875
vt 0.25 0.96875
vt 0.3333333432674408 0.96875
vt 0.4166666567325592 0.96875
vt 0.5 0.96875
vt 0.5833333134651184 0.96875
vt 0.6666666865348816 0.96875
vt 0.75 0.96875
vt 0.8333333134651184 0.96875
vt 0.9166666865348816 0.96875
vt 1 0.96875
vt 0 1
vt 0.0833333358168602 1
vt 0.1666666716337204 1
vt 0.25 1
vt 0.3333333432674408 1
vt 0.4166666567325592 1
vt 0.5 1
vt 0.5833333134651184 1
vt 0.6666666865348816 1
vt 0.75 1
vt 0.8333333134651184 1
vt 0.9166666865348816 1
vt 1 1
vn -0.36913231015205383 0 0
vn -0.31967795221166107 -0.18456615507602692 0
vn -0.18456615507602692 -0.31967795221166107 0
vn -2.2602836090760236e-17 -0.36913231015205383 0
vn 0.18456615507602692 -0.31967795221166107 0
vn 0.31967795221166107 -0.18456615507602692 0
vn 0.36913231015205383 -4.520567218152047e-17 0
vn 0.31967795221166107 0.18456615507602692 0
vn 0.18456615507602692 0.31967795221166107 0
vn 6.780850338685526e-17 0.36913231015205383 0
vn -0.18456615507602692 0.31967795221166107 0
vn -0.31967795221166107 0.18456615507602692 0
vn -0.36913231015205383 9.041134436304095e-17 0
vn -0.36203952534057393 0 -0.0720141418707465
vn -0.3135354337897578 -0.18101976267028697 -0.0720141418707465
vn -0.18101976267028697 -0.3135354337897578 -0.0720141418707465
vn -2.2168529096678328e-17 -0.36203952534057393 -0.0720141418707465
vn 0.18101976267028697 -0.3135354337897578 -0.0720141418707465
vn 0.3135354337897578 -0.18101976267028697 -0.0720141418707465
vn 0.36203952534057393 -4.4337058193356655e-17 -0.0720141418707465
vn 0.3135354337897578 0.18101976267028697 -0.0720141418707465
vn 0.18101976267028697 0.3135354337897578 -0.0720141418707465
vn 6.650558484732226e-17 0.36203952534057393 -0.0720141418707465
vn -0.18101976267028697 0.3135354337897578 -0.0720141418707465
vn -0.3135354337897578 0.18101976267028697 -0.0720141418707465
vn -0.36203952534057393 8.867411638671331e-17 -0.0720141418707465
vn -0.3410337756888815 0 -0.14126081714860295
vn -0.2953439159824267 -0.17051688784444075 -0.14126081714860295
vn -0.17051688784444075 -0.2953439159824267 -0.14126081714860295
vn -2.0882296727758852e-17 -0.3410337756888815 -0.14126081714860295
vn 0.17051688784444075 -0.2953439159824267 -0.14126081714860295
vn 0.2953439159824267 -0.17051688784444075 -0.14126081714860295
vn 0.3410337756888815 -4.1764593455517705e-17 -0.14126081714860295
vn 0.2953439159824267 0.17051688784444075 -0.14126081714860295
vn 0.17051688784444075 0.2953439159824267 -0.14126081714860295
vn 6.264689018327656e-17 0.3410337756888815 -0.14126081714860295
vn -0.17051688784444075 0.2953439159824267 -0.14126081714860295
vn -0.2953439159824267 0.17051688784444075 -0.14126081714860295
vn -0.3410337756888815 8.352918691103541e-17 -0.14126081714860295
vn -0.30692229258311166 0 -0.20507892791075122
vn -0.26580251234671337 -0.15346114629155583 -0.20507892791075122
vn -0.15346114629155583 -0.26580251234671337 -0.20507892791075122
vn -1.8793570940028845e-17 -0.30692229258311166 -0.20507892791075122
vn 0.15346114629155583 -0.26580251234671337 -0.20507892791075122
vn 0.26580251234671337 -0.15346114629155583 -0.20507892791075122
vn 0.30692229258311166 -3.758714188005769e-17 -0.20507892791075122
vn 0.26580251234671337 0.15346114629155583 -0.20507892791075122
vn 0.15346114629155583 0.26580251234671337 -0.20507892791075122
vn 5.638071159873017e-17 0.30692229258311166 -0.20507892791075122
vn -0.15346114629155583 0.26580251234671337 -0.20507892791075122
vn -0.26580251234671337 0.15346114629155583 -0.20507892791075122
vn -0.30692229258311166 7.517428376011538e-17 -0.20507892791075122
vn -0.26101595519647525 0 -0.26101595519647525
vn -0.2260464600880585 -0.13050797759823762 -0.26101595519647525
vn -0.13050797759823762 -0.2260464600880585 -0.26101595519647525
vn -1.5982618052222787e-17 -0.26101595519647525 -0.26101595519647525
vn 0.13050797759823762 -0.2260464600880585 -0.26101595519647525
vn 0.2260464600880585 -0.13050797759823762 -0.26101595519647525
vn 0.26101595519647525 -3.196523610444557e-17 -0.26101595519647525
vn 0.2260464600880585 0.13050797759823762 -0.26101595519647525
vn 0.13050797759823762 0.2260464600880585 -0.26101595519647525
vn 4.7947851713955636e-17 0.26101595519647525 -0.26101595519647525
vn -0.13050797759823762 0.2260464600880585 -0.26101595519647525
vn -0.2260464600880585 0.13050797759823762 -0.26101595519647525
vn -0.26101595519647525 6.393047220889115e-17 -0.26101595519647525
vn -0.20507892791075122 0 -0.30692229258311166
vn -0.177603556099859 -0.10253946395537561 -0.30692229258311166
vn -0.10253946395537561 -0.177603556099859 -0.30692229258311166
vn -1.2557462149107485e-17 -0.20507892791075122 -0.30692229258311166
vn 0.10253946395537561 -0.177603556099859 -0.30692229258311166
vn 0.177603556099859 -0.10253946395537561 -0.30692229258311166
vn 0.20507892791075122 -2.511492429821497e-17 -0.30692229258311166
vn 0.177603556099859 0.10253946395537561 -0.30692229258311166
vn 0.10253946395537561 0.177603556099859 -0.30692229258311166
vn 3.767238766867882e-17 0.20507892791075122 -0.30692229258311166
vn -0.10253946395537561 0.177603556099859 -0.30692229258311166
vn -0.177603556099859 0.10253946395537561 -0.30692229258311166
vn -0.20507892791075122 5.022984859642994e-17 -0.30692229258311166
vn -0.14126081714860295 0 -0.3410337756888815
vn -0.12233545562687631 -0.07063040857430147 -0.3410337756888815
vn -0.07063040857430147 -0.12233545562687631 -0.3410337756888815
vn -8.649730637817759e-18 -0.14126081714860295 -0.3410337756888815
vn 0.07063040857430147 -0.12233545562687631 -0.3410337756888815
vn 0.12233545562687631 -0.07063040857430147 -0.3410337756888815
vn 0.14126081714860295 -1.7299461275635518e-17 -0.3410337756888815
vn 0.12233545562687631 0.07063040857430147 -0.3410337756888815
vn 0.07063040857430147 0.12233545562687631 -0.3410337756888815
vn 2.5949191302775096e-17 0.14126081714860295 -0.3410337756888815
vn -0.07063040857430147 0.12233545562687631 -0.3410337756888815
vn -0.12233545562687631 0.07063040857430147 -0.3410337756888815
vn -0.14126081714860295 3.4598922551271035e-17 -0.3410337756888815
vn -0.0720141418707465 0 -0.36203952534057393
vn -0.062366077756514926 -0.03600707093537325 -0.36203952534057393
vn -0.03600707093537325 -0.062366077756514926 -0.36203952534057393
vn -4.4095944737890075e-18 -0.0720141418707465 -0.36203952534057393
vn 0.03600707093537325 -0.062366077756514926 -0.36203952534057393
vn 0.062366077756514926 -0.03600707093537325 -0.36203952534057393
vn 0.0720141418707465 -8.819188947578015e-18 -0.36203952534057393
vn 0.062366077756514926 0.03600707093537325 -0.36203952534057393
vn 0.03600707093537325 0.062366077756514926 -0.36203952534057393
vn 1.3228783116027932e-17 0.0720141418707465 -0.36203952534057393
vn -0.03600707093537325 0.062366077756514926 -0.36203952534057393
vn -0.062366077756514926 0.03600707093537325 -0.36203952534057393
vn -0.0720141418707465 1.763837789515603e-17 -0.36203952534057393
vn 0 0 -0.36913231015205383
vn 0 0 -0.36913231015205383
vn 0 0 -0.36913231015205383
vn 0 0 -0.36913231015205383
vn 0 0 -0.36913231015205383
vn 0 0 -0.36913231015205383
vn 0 0 -0.36913231015205383
vn 0 0 -0.36913231015205383
vn 0 0 -0.36913231015205383
vn 0 0 -0.36913231015205383
vn 0 0 -0.36913231015205383
vn 0 0 -0.36913231015205383
vn 0 0 -0.36913231015205383
vn 0.0720141418707465 0 -0.36203952534057393
vn 0.062366077756514926 0.03600707093537325 -0.36203952534057393
vn 0.03600707093537325 0.062366077756514926 -0.36203952534057393
vn 4.4095944737890075e-18 0.0720141418707465 -0.36203952534057393
vn -0.03600707093537325 0.062366077756514926 -0.36203952534057393
vn -0.062366077756514926 0.03600707093537325 -0.36203952534057393
vn -0.0720141418707465 8.819188947578015e-18 -0.36203952534057393
vn -0.062366077756514926 -0.03600707093537325 -0.36203952534057393
vn -0.03600707093537325 -0.062366077756514926 -0.36203952534057393
vn -1.3228783116027932e-17 -0.0720141418707465 -0.36203952534057393
vn 0.03600707093537325 -0.062366077756514926 -0.36203952534057393
vn 0.062366077756514926 -0.03600707093537325 -0.36203952534057393
vn 0.0720141418707465 -1.763837789515603e-17 -0.36203952534057393
vn 0.14126081714860295 0 -0.3410337756888815
vn 0.12233545562687631 0.07063040857430147 -0.3410337756888815
vn 0.07063040857430147 0.12233545562687631 -0.3410337756888815
vn 8.649730637817759e-18 0.14126081714860295 -0.3410337756888815
vn -0.07063040857430147 0.12233545562687631 -0.3410337756888815
vn -0.12233545562687631 0.07063040857430147 -0.3410337756888815
vn -0.14126081714860295 1.7299461275635518e-17 -0.3410337756888815
vn -0.12233545562687631 -0.07063040857430147 -0.3410337756888815
vn -0.07063040857430147 -0.12233545562687631 -0.3410337756888815
vn -2.5949191302775096e-17 -0.14126081714860295 -0.3410337756888815
vn 0.07063040857430147 -0.12233545562687631 -0.3410337756888815
vn 0.12233545562687631 -0.07063040857430147 -0.3410337756888815
vn 0.14126081714860295 -3.4598922551271035e-17 -0.3410337756888815
vn 0.20507892791075122 0 -0.30692229258311166
vn 0.177603556099859 0.10253946395537561 -0.30692229258311166
vn 0.10253946395537561 0.177603556099859 -0.30692229258311166
vn 1.2557462149107485e-17 0.20507892791075122 -0.30692229258311166
vn -0.10253946395537561 0.177603556099859 -0.30692229258311166
vn -0.177603556099859 0.10253946395537561 -0.30692229258311166
vn -0.20507892791075122 2.511492429821497e-17 -0.30692229258311166
vn -0.177603556099859 -0.10253946395537561 -0.30692229258311166
vn -0.10253946395537561 -0.177603556099859 -0.30692229258311166
vn -3.767238766867882e-17 -0.20507892791075122 -0.30692229258311166
vn 0.10253946395537561 -0.177603556099859 -0.30692229258311166
vn 0.177603556099859 -0.10253946395537561 -0.30692229258311166
vn 0.20507892791075122 -5.022984859642994e-17 -0.30692229258311166
vn 0.26101595519647525 0 -0.26101595519647525
vn 0.2260464600880585 0.13050797759823762 -0.26101595519647525
vn 0.13050797759823762 0.2260464600880585 -0.26101595519647525
vn 1.5982618052222787e-17 0.26101595519647525 -0.26101595519647525
vn -0.13050797759823762 0.2260464600880585 -0.26101595519647525
vn -0.2260464600880585 0.13050797759823762 -0.26101595519647525
vn -0.26101595519647525 3.196523610444557e-17 -0.26101595519647525
vn -0.2260464600880585 -0.13050797759823762 -0.26101595519647525
vn -0.13050797759823762 -0.2260464600880585 -0.26101595519647525
vn -4.7947851713955636e-17 -0.26101595519647525 -0.26101595519647525
vn 0.13050797759823762 -0.2260464600880585 -0.26101595519647525
vn 0.2260464600880585 -0.13050797759823762 -0.26101595519647525
vn 0.26101595519647525 -6.393047220889115e-17 -0.26101595519647525
vn 0.30692229258311166 0 -0.20507892791075122
vn 0.26580251234671337 0.15346114629155583 -0.20507892791075122
vn 0.15346114629155583 0.26580251234671337 -0.20507892791075122
vn 1.8793570940028845e-17 0.30692229258311166 -0.20507892791075122
vn -0.15346114629155583 0.26580251234671337 -0.20507892791075122
vn -0.26580251234671337 0.15346114629155583 -0.20507892791075122
vn -0.30692229258311166 3.758714188005769e-17 -0.20507892791075122
vn -0.26580251234671337 -0.15346114629155583 -0.20507892791075122
vn -0.15346114629155583 -0.26580251234671337 -0.20507892791075122
vn -5.638071159873017e-17 -0.30692229258311166 -0.20507892791075122
vn 0.15346114629155583 -0.26580251234671337 -0.20507892791075122
vn 0.26580251234671337 -0.15346114629155583 -0.20507892791075122
vn 0.30692229258311166 -7.517428376011538e-17 -0.20507892791075122
vn 0.3410337756888815 0 -0.14126081714860295
vn 0.2953439159824267 0.17051688784444075 -0.14126081714860295
vn 0.17051688784444075 0.2953439159824267 -0.14126081714860295
vn 2.0882296727758852e-17 0.3410337756888815 -0.14126081714860295
vn -0.17051688784444075 0.2953439159824267 -0.14126081714860295
vn -0.2953439159824267 0.17051688784444075 -0.14126081714860295
vn -0.3410337756888815 4.1764593455517705e-17 -0.14126081714860295
vn -0.2953439159824267 -0.17051688784444075 -0.14126081714860295
vn -0.17051688784444075 -0.2953439159824267 -0.14126081714860295
vn -6.264689018327656e-17 -0.3410337756888815 -0.14126081714860295
vn 0.17051688784444075 -0.2953439159824267 -0.14126081714860295
vn 0.2953439159824267 -0.17051688784444075 -0.14126081714860295
vn 0.3410337756888815 -8.352918691103541e-17 -0.14126081714860295
vn 0.36203952534057393 0 -0.0720141418707465
vn 0.3135354337897578 0.18101976267028697 -0.0720141418707465
vn 0.18101976267028697 0.3135354337897578 -0.0720141418707465
vn 2.2168529096678328e-17 0.36203952534057393 -0.0720141418707465
vn -0.18101976267028697 0.3135354337897578 -0.0720141418707465
vn -0.3135354337897578 0.18101976267028697 -0.0720141418707465
vn -0.36203952534057393 4.4337058193356655e-17 -0.0720141418707465
vn -0.3135354337897578 -0.18101976267028697 -0.0720141418707465
vn -0.18101976267028697 -0.3135354337897578 -0.0720141418707465
vn -6.650558484732226e-17 -0.36203952534057393 -0.0720141418707465
vn 0.18101976267028697 -0.3135354337897578 -0.0720141418707465
vn 0.3135354337897578 -0.18101976267028697 -0.0720141418707465
vn 0.36203952534057393 -8.867411638671331e-17 -0.0720141418707465
vn 0.36913231015205383 0 -4.520567218152047e-17
vn 0.31967795221166107 0.18456615507602692 -4.520567218152047e-17
vn 0.18456615507602692 0.31967795221166107 -4.520567218152047e-17
vn 2.2602836090760236e-17 0.36913231015205383 -4.520567218152047e-17
vn -0.18456615507602692 0.31967795221166107 -4.520567218152047e-17
vn -0.31967795221166107 0.18456615507602692 -4.520567218152047e-17
vn -0.36913231015205383 4.520567218152047e-17 -4.520567218152047e-17
vn -0.31967795221166107 -0.18456615507602692 -4.520567218152047e-17
vn -0.18456615507602692 -0.31967795221166107 -4.520567218152047e-17
vn -6.780850338685526e-17 -0.36913231015205383 -4.520567218152047e-17
vn 0.18456615507602692 -0.31967795221166107 -4.520567218152047e-17
vn 0.31967795221166107 -0.18456615507602692 -4.520567218152047e-17
vn 0.36913231015205383 -9.041134436304095e-17 -4.520567218152047e-17
vn 0.36203952534057393 0 0.0720141418707465
vn 0.3135354337897578 0.18101976267028697 0.0720141418707465
vn 0.18101976267028697 0.3135354337897578 0.0720141418707465
vn 2.2168529096678328e-17 0.36203952534057393 0.0720141418707465
vn -0.18101976267028697 0.3135354337897578 0.0720141418707465
vn -0.3135354337897578 0.18101976267028697 0.0720141418707465
vn -0.36203952534057393 4.4337058193356655e-17 0.0720141418707465
vn -0.3135354337897578 -0.18101976267028697 0.0720141418707465
vn -0.18101976267028697 -0.3135354337897578 0.0720141418707465
vn -6.650558484732226e-17 -0.36203952534057393 0.0720141418707465
vn 0.18101976267028697 -0.3135354337897578 0.0720141418707465
vn 0.3135354337897578 -0.18101976267028697 0.0720141418707465
vn 0.36203952534057393 -8.867411638671331e-17 0.0720141418707465
vn 0.3410337756888815 0 0.14126081714860295
vn 0.2953439159824267 0.17051688784444075 0.14126081714860295
vn 0.17051688784444075 0.2953439159824267 0.14126081714860295
vn 2.0882296727758852e-17 0.3410337756888815 0.14126081714860295
vn -0.17051688784444075 0.2953439159824267 0.14126081714860295
vn -0.2953439159824267 0.17051688784444075 0.14126081714860295
vn -0.3410337756888815 4.1764593455517705e-17 0.14126081714860295
vn -0.2953439159824267 -0.17051688784444075 0.14126081714860295
vn -0.17051688784444075 -0.2953439159824267 0.14126081714860295
vn -6.264689018327656e-17 -0.3410337756888815 0.14126081714860295
vn 0.17051688784444075 -0.2953439159824267 0.14126081714860295
vn 0.2953439159824267 -0.17051688784444075 0.14126081714860295
vn 0.3410337756888815 -8.352918691103541e-17 0.14126081714860295
vn 0.30692229258311166 0 0.20507892791075122
vn 0.26580251234671337 0.15346114629155583 0.20507892791075122
vn 0.15346114629155583 0.26580251234671337 0.20507892791075122
vn 1.8793570940028845e-17 0.30692229258311166 0.20507892791075122
vn -0.15346114629155583 0.26580251234671337 0.20507892791075122
vn -0.26580251234671337 0.15346114629155583 0.20507892791075122
vn -0.30692229258311166 3.758714188005769e-17 0.20507892791075122
vn -0.26580251234671337 -0.15346114629155583 0.20507892791075122
vn -0.15346114629155583 -0.26580251234671337 0.20507892791075122
vn -5.638071159873017e-17 -0.30692229258311166 0.20507892791075122
vn 0.15346114629155583 -0.26580251234671337 0.20507892791075122
vn 0.26580251234671337 -0.15346114629155583 0.20507892791075122
vn 0.30692229258311166 -7.517428376011538e-17 0.20507892791075122
vn 0.26101595519647525 0 0.26101595519647525
vn 0.2260464600880585 0.13050797759823762 0.26101595519647525
vn 0.13050797759823762 0.2260464600880585 0.26101595519647525
vn 1.5982618052222787e-17 0.26101595519647525 0.26101595519647525
vn -0.13050797759823762 0.2260464600880585 0.26101595519647525
vn -0.2260464600880585 0.13050797759823762 0.26101595519647525
vn -0.26101595519647525 3.196523610444557e-17 0.26101595519647525
vn -0.2260464600880585 -0.13050797759823762 0.26101595519647525
vn -0.13050797759823762 -0.2260464600880585 0.26101595519647525
vn -4.7947851713955636e-17 -0.26101595519647525 0.26101595519647525
vn 0.13050797759823762 -0.2260464600880585 0.26101595519647525
vn 0.2260464600880585 -0.13050797759823762 0.26101595519647525
vn 0.26101595519647525 -6.393047220889115e-17 0.26101595519647525
vn 0.20507892791075122 0 0.30692229258311166
vn 0.177603556099859 0.10253946395537561 0.30692229258311166
vn 0.10253946395537561 0.177603556099859 0.30692229258311166
vn 1.2557462149107485e-17 0.20507892791075122 0.30692229258311166
vn -0.10253946395537561 0.177603556099859 0.30692229258311166
vn -0.177603556099859 0.10253946395537561 0.30692229258311166
vn -0.20507892791075122 2.511492429821497e-17 0.30692229258311166
vn -0.177603556099859 -0.10253946395537561 0.30692229258311166
vn -0.10253946395537561 -0.177603556099859 0.30692229258311166
vn -3.767238766867882e-17 -0.20507892791075122 0.30692229258311166
vn 0.10253946395537561 -0.177603556099859 0.30692229258311166
vn 0.177603556099859 -0.10253946395537561 0.30692229258311166
vn 0.20507892791075122 -5.022984859642994e-17 0.30692229258311166
vn 0.14126081714860295 0 0.3410337756888815
vn 0.12233545562687631 0.07063040857430147 0.3410337756888815
vn 0.07063040857430147 0.12233545562687631 0.3410337756888815
vn 8.649730637817759e-18 0.14126081714860295 0.3410337756888815
vn -0.07063040857430147 0.12233545562687631 0.3410337756888815
vn -0.12233545562687631 0.07063040857430147 0.3410337756888815
vn -0.14126081714860295 1.7299461275635518e-17 0.3410337756888815
vn -0.12233545562687631 -0.07063040857430147 0.3410337756888815
vn -0.07063040857430147 -0.12233545562687631 0.3410337756888815
vn -2.5949191302775096e-17 -0.14126081714860295 0.3410337756888815
vn 0.07063040857430147 -0.12233545562687631 0.3410337756888815
vn 0.12233545562687631 -0.07063040857430147 0.3410337756888815
vn 0.14126081714860295 -3.4598922551271035e-17 0.3410337756888815
vn 0.0720141418707465 0 0.36203952534057393
vn 0.062366077756514926 0.03600707093537325 0.36203952534057393
vn 0.03600707093537325 0.062366077756514926 0.36203952534057393
vn 4.4095944737890075e-18 0.0720141418707465 0.36203952534057393
vn -0.03600707093537325 0.062366077756514926 0.36203952534057393
vn -0.062366077756514926 0.03600707093537325 0.36203952534057393
vn -0.0720141418707465 8.819188947578015e-18 0.36203952534057393
vn -0.062366077756514926 -0.03600707093537325 0.36203952534057393
vn -0.03600707093537325 -0.062366077756514926 0.36203952534057393
vn -1.3228783116027932e-17 -0.0720141418707465 0.36203952534057393
vn 0.03600707093537325 -0.062366077756514926 0.36203952534057393
vn 0.062366077756514926 -0.03600707093537325 0.36203952534057393
vn 0.0720141418707465 -1.763837789515603e-17 0.36203952534057393
vn 8.196383797277692e-17 0 0.36913231015205383
vn 8.196383797277692e-17 4.098191898638846e-17 0.36913231015205383
vn 8.196383797277692e-17 8.196383797277692e-17 0.36913231015205383
vn 9.099814010402265e-33 8.196383797277692e-17 0.36913231015205383
vn -4.098191898638846e-17 8.196383797277692e-17 0.36913231015205383
vn -8.196383797277692e-17 4.098191898638846e-17 0.36913231015205383
vn -8.196383797277692e-17 1.819962802080453e-32 0.36913231015205383
vn -8.196383797277692e-17 -8.196383797277692e-17 0.36913231015205383
vn -8.196383797277692e-17 -8.196383797277692e-17 0.36913231015205383
vn -1.819962802080453e-32 -8.196383797277692e-17 0.36913231015205383
vn 8.196383797277692e-17 -8.196383797277692e-17 0.36913231015205383
vn 8.196383797277692e-17 -8.196383797277692e-17 0.36913231015205383
vn 8.196383797277692e-17 -3.639925604160906e-32 0.36913231015205383
vn -0.0720141418707465 0 0.36203952534057393
vn -0.062366077756514926 -0.03600707093537325 0.36203952534057393
vn -0.03600707093537325 -0.062366077756514926 0.36203952534057393
vn -4.4095944737890075e-18 -0.0720141418707465 0.36203952534057393
vn 0.03600707093537325 -0.062366077756514926 0.36203952534057393
vn 0.062366077756514926 -0.03600707093537325 0.36203952534057393
vn 0.0720141418707465 -8.819188947578015e-18 0.36203952534057393
vn 0.062366077756514926 0.03600707093537325 0.36203952534057393
vn 0.03600707093537325 0.062366077756514926 0.36203952534057393
vn 1.3228783116027932e-17 0.0720141418707465 0.36203952534057393
vn -0.03600707093537325 0.062366077756514926 0.36203952534057393
vn -0.062366077756514926 0.03600707093537325 0.36203952534057393
vn -0.0720141418707465 1.763837789515603e-17 0.36203952534057393
vn -0.14126081714860295 0 0.3410337756888815
vn -0.12233545562687631 -0.07063040857430147 0.3410337756888815
vn -0.07063040857430147 -0.12233545562687631 0.3410337756888815
vn -8.649730637817759e-18 -0.14126081714860295 0.3410337756888815
vn 0.07063040857430147 -0.12233545562687631 0.3410337756888815
vn 0.12233545562687631 -0.07063040857430147 0.3410337756888815
vn 0.14126081714860295 -1.7299461275635518e-17 0.3410337756888815
vn 0.12233545562687631 0.07063040857430147 0.3410337756888815
vn 0.07063040857430147 0.12233545562687631 0.3410337756888815
vn 2.5949191302775096e-17 0.14126081714860295 0.3410337756888815
vn -0.07063040857430147 0.12233545562687631 0.3410337756888815
vn -0.12233545562687631 0.07063040857430147 0.3410337756888815
vn -0.14126081714860295 3.4598922551271035e-17 0.3410337756888815
vn -0.20507892791075122 0 0.30692229258311166
vn -0.177603556099859 -0.10253946395537561 0.30692229258311166
vn -0.10253946395537561 -0.177603556099859 0.30692229258311166
vn -1.2557462149107485e-17 -0.20507892791075122 0.30692229258311166
vn 0.10253946395537561 -0.177603556099859 0.30692229258311166
vn 0.177603556099859 -0.10253946395537561 0.30692229258311166
vn 0.20507892791075122 -2.511492429821497e-17 0.30692229258311166
vn 0.177603556099859 0.10253946395537561 0.30692229258311166
vn 0.10253946395537561 0.177603556099859 0.30692229258311166
vn 3.767238766867882e-17 0.20507892791075122 0.30692229258311166
vn -0.10253946395537561 0.177603556099859 0.30692229258311166
vn -0.177603556099859 0.10253946395537561 0.30692229258311166
vn -0.20507892791075122 5.022984859642994e-17 0.30692229258311166
vn -0.26101595519647525 0 0.26101595519647525
vn -0.2260464600880585 -0.13050797759823762 0.26101595519647525
vn -0.13050797759823762 -0.2260464600880585 0.26101595519647525
vn -1.5982618052222787e-17 -0.26101595519647525 0.26101595519647525
vn 0.13050797759823762 -0.2260464600880585 0.26101595519647525
vn 0.2260464600880585 -0.13050797759823762 0.26101595519647525
vn 0.26101595519647525 -3.196523610444557e-17 0.26101595519647525
vn 0.2260464600880585 0.13050797759823762 0.26101595519647525
vn 0.13050797759823762 0.2260464600880585 0.26101595519647525
vn 4.7947851713955636e-17 0.26101595519647525 0.26101595519647525
vn -0.13050797759823762 0.2260464600880585 0.26101595519647525
vn -0.2260464600880585 0.13050797759823762 0.26101595519647525
vn -0.26101595519647525 6.393047220889115e-17 0.26101595519647525
vn -0.30692229258311166 0 0.20507892791075122
vn -0.26580251234671337 -0.15346114629155583 0.20507892791075122
vn -0.15346114629155583 -0.26580251234671337 0.20507892791075122
vn -1.8793570940028845e-17 -0.30692229258311166 0.20507892791075122
vn 0.15346114629155583 -0.26580251234671337 0.20507892791075122
vn 0.26580251234671337 -0.15346114629155583 0.20507892791075122
vn 0.30692229258311166 -3.758714188005769e-17 0.20507892791075122
vn 0.26580251234671337 0.15346114629155583 0.20507892791075122
vn 0.15346114629155583 0.26580251234671337 0.20507892791075122
vn 5.638071159873017e-17 0.30692229258311166 0.20507892791075122
vn -0.15346114629155583 0.26580251234671337 0.20507892791075122
vn -0.26580251234671337 0.15346114629155583 0.20507892791075122
vn -0.30692229258311166 7.517428376011538e-17 0.20507892791075122
vn -0.3410337756888815 0 0.14126081714860295
vn -0.2953439159824267 -0.17051688784444075 0.14126081714860295
vn -0.17051688784444075 -0.2953439159824267 0.14126081714860295
vn -2.0882296727758852e-17 -0.3410337756888815 0.14126081714860295
vn 0.17051688784444075 -0.2953439159824267 0.14126081714860295
vn 0.2953439159824267 -0.17051688784444075 0.14126081714860295
vn 0.3410337756888815 -4.1764593455517705e-17 0.14126081714860295
vn 0.2953439159824267 0.17051688784444075 0.14126081714860295
vn 0.17051688784444075 0.2953439159824267 0.14126081714860295
vn 6.264689018327656e-17 0.3410337756888815 0.14126081714860295
vn -0.17051688784444075 0.2953439159824267 0.14126081714860295
vn -0.2953439159824267 0.17051688784444075 0.14126081714860295
vn -0.3410337756888815 8.352918691103541e-17 0.14126081714860295
vn -0.36203952534057393 0 0.0720141418707465
vn -0.3135354337897578 -0.18101976267028697 0.0720141418707465
vn -0.18101976267028697 -0.3135354337897578 0.0720141418707465
vn -2.2168529096678328e-17 -0.36203952534057393 0.0720141418707465
vn 0.18101976267028697 -0.3135354337897578 0.0720141418707465
vn 0.3135354337897578 -0.18101976267028697 0.0720141418707465
vn 0.36203952534057393 -4.4337058193356655e-17 0.0720141418707465
vn 0.3135354337897578 0.18101976267028697 0.0720141418707465
vn 0.18101976267028697 0.3135354337897578 0.0720141418707465
vn 6.650558484732226e-17 0.36203952534057393 0.0720141418707465
vn -0.18101976267028697 0.3135354337897578 0.0720141418707465
vn -0.3135354337897578 0.18101976267028697 0.0720141418707465
vn -0.36203952534057393 8.867411638671331e-17 0.0720141418707465
vn -0.36913231015205383 0 9.041134436304095e-17
vn -0.31967795221166107 -0.18456615507602692 9.041134436304095e-17
vn -0.18456615507602692 -0.31967795221166107 9.041134436304095e-17
vn -2.2602836090760236e-17 -0.36913231015205383 9.041134436304095e-17
vn 0.18456615507602692 -0.31967795221166107 9.041134436304095e-17
vn 0.31967795221166107 -0.18456615507602692 9.041134436304095e-17
vn 0.36913231015205383 -4.520567218152047e-17 9.041134436304095e-17
vn 0.31967795221166107 0.18456615507602692 9.041134436304095e-17
vn 0.18456615507602692 0.31967795221166107 9.041134436304095e-17
vn 6.780850338685526e-17 0.36913231015205383 9.041134436304095e-17
vn -0.18456615507602692 0.31967795221166107 9.041134436304095e-17
vn -0.31967795221166107 0.18456615507602692 9.041134436304095e-17
vn -0.36913231015205383 9.041134436304095e-17 9.041134436304095e-17
f 14/14/14 1/1/1 15/15/15
f 1/1/1 2/2/2 15/15/15
f 15/15/15 2/2/2 16/16/16
f 2/2/2 3/3/3 16/16/16
f 16/16/16 3/3/3 17/17/17
f 3/3/3 4/4/4 17/17/17
f 17/17/17 4/4/4 18/18/18
f 4/4/4 5/5/5 18/18/18
f 18/18/18 5/5/5 19/19/19
f 5/5/5 6/6/6 19/19/19
f 19/19/19 6/6/6 20/20/20
f 6/6/6 7/7/7 20/20/20
f 20/20/20 7/7/7 21/21/21
f 7/7/7 8/8/8 21/21/21
f 21/21/21 8/8/8 22/22/22
f 8/8/8 9/9/9 22/22/22
f 22/22/22 9/9/9 23/23/23
f 9/9/9 10/10/10 23/23/23
f 23/23/23 10/10/10 24/24/24
f 10/10/10 11/11/11 24/24/24
f 24/24/24 11/11/11 25/25/25
f 11/11/11 12/12/12 25/25/25
f 25/25/25 12/12/12 26/26/26
f 12/12/12 13/13/13 26/26/26
f 27/27/27 14/14/14 28/28/28
f 14/14/14 15/15/15 28/28/28
f 28/28/28 15/15/15 29/29/29
f 15/15/15 16/16/16 29/29/29
f 29/29/29 16/16/16 30/30/30
f 16/16/16 17/17/17 30/30/30
f 30/30/30 17/17/17 31/31/31
f 17/17/17 18/18/18 31/31/31
f 31/31/31 18/18/18 32/32/32
f 18/18/18 19/19/19 32/32/32
f 32/32/32 19/19/19 33/33/33
f 19/19/19 20/20/20 33/33/33
f 33/33/33 20/20/20 34/34/34
f 20/20/20 21/21/21 34/34/34
f 34/34/34 21/21/21 35/35/35
f 21/21/21 22/22/22 35/35/35
f 35/35/35 22/22/22 36/36/36
f 22/22/22 23/23/23 36/36/36
f 36/36/36 23/23/23 37/37/37
f 23/23/23 24/24/24 37/37/37
f 37/37/37 24/24/24 38/38/38
f 24/24/24 25/25/25 38/38/38
f 38/38/38 25/25/25 39/39/39
f 25/25/25 26/26/26 39/39/39
f 40/40/40 27/27/27 41/41/41
f 27/27/27 28/28/28 41/41/41
f 41/41/41 28/28/28 42/42/42
f 28/28/28 29/29/29 42/42/42
f 42/42/42 29/29/29 43/43/43
f 29/29/29 30/30/30 43/43/43
f 43/43/43 30/30/30 44/44/44
f 30/30/30 31/31/31 44/44/44
f 44/44/44 31/31/31 45/45/45
f 31/31/31 32/32/32 45/45/45
f 45/45/45 32/32/32 46/46/46
f 32/32/32 33/33/33 46/46/46
f 46/46/46 33/33/33 47/47/47
f 33/33/33 34/34/34 47/47/47
f 47/47/47 34/34/34 48/48/48
f 34/34/34 35/35/35 48/48/48
f 48/48/48 35/35/35 49/49/49
f 35/35/35 36/36/36 49/49/49
f 49/49/49 36/36/36 50/50/50
f 36/36/36 37/37/37 50/50/50
f 50/50/50 37/37/37 51/51/51
f 37/37/37 38/38/38 51/51/51
f 51/51/51 38/38/38 52/52/52
f 38/38/38 39/39/39 52/52/52
f 53/53/53 40/40/40 54/54/54
f 40/40/40 41/41/41 54/54/54
f 54/54/54 41/41/41 55/55/55
f 41/41/41 42/42/42 55/55/55
f 55/55/55 42/42/42 56/56/56
f 42/42/42 43/43/43 56/56/56
f 56/56/56 43/43/43 57/57/57
f 43/43/43 44/44/44 57/57/57
f 57/57/57 44/44/44 58/58/58
f 44/44/44 45/45/45 58/58/58
f 58/58/58 45/45/45 59/59/59
f 45/45/45 46/46/46 59/59/59
f 59/59/59 46/46/46 60/60/60
f 46/46/46 47/47/47 60/60/60
f 60/60/60 47/47/47 61/61/61
f 47/47/47 48/48/48 61/61/61
f 61/61/61 48/48/48 62/62/62
f 48/48/48 49/49/49 62/62/62
f 62/62/62 49/49/49 63/63/63
f 49/49/49 50/50/50 63/63/63
f 63/63/63 50/50/50 64/64/64
f 50/50/50 51/51/51 64/64/64
f 64/64/64 51/51/51 65/65/65
f 51/51/51 52/52/52 65/65/65
f 66/66/66 53/53/53 67/67/67
f 53/53/53 54/54/54 67/67/67
f 67/67/67 54/54/54 68/68/68
f 54/54/54 55/55/55 68/68/68
f 68/68/68 55/55/55 69/69/69
f 55/55/55 56/56/56 69/69/69
f 69/69/69 56/56/56 70/70/70
f 56/56/56 57/57/57 70/70/70
f 70/70/70 57/57/57 71/71/71
f 57/57/57 58/58/58 71/71/71
f 71/71/71 58/58/58 72/72/72
f 58/58/58 59/59/59 72/72/72
f 72/72/72 59/59/59 73/73/73
f 59/59/59 60/60/60 73/73/73
f 73/73/73 60/60/60 74/74/74
f 60/60/60 61/61/61 74/74/74
f 74/74/74 61/61/61 75/75/75
f 61/61/61 62/62/62 75/75/75
f 75/75/75 62/62/62 76/76/76
f 62/62/62 63/63/63 76/76/76
f 76/76/76 63/63/63 77/77/77
f 63/63/63 64/64/64 77/77/77
f 77/77/77 64/64/64 78/78/78
f 64/64/64 65/65/65 78/78/78
f 79/79/79 66/66/66 80/80/80
f 66/66/66 67/67/67 80/80/80
f 80/80/80 67/67/67 81/81/81
f 67/67/67 68/68/68 81/81/81
f 81/81/81 68/68/68 82/82/82
f 68/68/68 69/69/69 82/82/82
f 82/82/82 69/69/69 83/83/83
f 69/69/69 70/70/70 83/83/83
f 83/83/83 70/70/70 84/84/84
f 70/70/70 71/71/71 84/84/84
f 84/84/84 71/71/71 85/85/85
f 71/71/71 72/72/72 85/85/85
f 85/85/85 72/72/72 86/86/86
f 72/72/72 73/73/73 86/86/86
f 86/86/86 73/73/73 87/87/87
f 73/73/73 74/74/74 87/87/87
f 87/87/87 74/74/74 88/88/88
f 74/74/74 75/75/75 88/88/88
f 88/88/88 75/75/75 89/89/89
f 75/75/75 76/76/76 89/89/89
f 89/89/89 76/76/76 90/90/90
f 76/76/76 77/77/77 90/90/90
f 90/90/90 77/77/77 91/91/91
f 77/77/77 78/78/78 91/91/91
f 92/92/92 79/79/79 93/93/93
f 79/79/79 80/80/80 93/93/93
f 93/93/93 80/80/80 94/94/94
f 80/80/80 81/81/81 94/94/94
f 94/94/94 81/81/81 95/95/95
f 81/81/81 82/82/82 95/95/95
f 95/95/95 82/82/82 96/96/96
f 82/82/82 83/83/83 96/96/96
f 96/96/96 83/83/83 97/97/97
f 83/83/83 84/84/84 97/97/97
f 97/97/97 84/84/84 98/98/98
f 84/84/84 85/85/85 98/98/98
f 98/98/98 85/85/85 99/99/99
f 85/85/85 86/86/86 99/99/99
f 99/99/99 86/86/86 100/100/100
f 86/86/86 87/87/87 100/100/100
f 100/100/100 87/87/87 101/101/101
f 87/87/87 88/88/88 101/101/101
f 101/101/101 88/88/88 102/102/102
f 88/88/88 89/89/89 102/102/102
f 102/102/102 89/89/89 103/103/103
f 89/89/89 90/90/90 103/103/103
f 103/103/103 90/90/90 104/104/104
f 90/90/90 91/91/91 104/104/104
f 105/105/105 92/92/92 106/106/106
f 92/92/92 93/93/93 106/106/106
f 106/106/106 93/93/93 107/107/107
f 93/93/93 94/94/94 107/107/107
f 107/107/107 94/94/94 108/108/108
f 94/94/94 95/95/95 108/108/108
f 108/108/108 95/95/95 109/109/109
f 95/95/95 96/96/96 109/109/109
f 109/109/109 96/96/96 110/110/110
f 96/96/96 97/97/97 110/110/110
f 110/110/110 97/97/97 111/111/111
f 97/97/97 98/98/98 111/111/111
f 111/111/111 98/98/98 112/112/112
f 98/98/98 99/99/99 112/112/112
f 112/112/112 99/99/99 113/113/113
f 99/99/99 100/100/100 113/113/113
f 113/113/113 100/100/100 114/114/114
f 100/100/100 101/101/101 114/114/114
f 114/114/114 101/101/101 115/115/115
f 101/101/101 102/102/102 115/115/115
f 115/115/115 102/102/102 116/116/116
f 102/102/102 103/103/103 116/116/116
f 116/116/116 103/103/103 117/117/117
f 103/103/103 104/104/104 117/117/117
f 118/118/118 105/105/105 119/119/119
f 105/105/105 106/106/106 119/119/119
f 119/119/119 106/106/106 120/120/120
f 106/106/106 107/107/107 120/120/120
f 120/120/120 107/107/107 121/121/121
f 107/107/107 108/108/108 121/121/121
f 121/121/121 108/108/108 122/122/122
f 108/108/108 109/109/109 122/122/122
f 122/122/122 109/109/109 123/123/123
f 109/109/109 110/110/110 123/123/123
f 123/123/123 110/110/110 124/124/124
f 110/110/110 111/111/111 124/124/124
f 124/124/124 111/111/111 125/125/125
f 111/111/111 112/112/112 125/125/125
f 125/125/125 112/112/112 126/126/126
f 112/112/112 113/113/113 126/126/126
f 126/126/126 113/113/113 127/127/127
f 113/113/113 114/114/114 127/127/127
f 127/127/127 114/114/114 128/128/128
f 114/114/114 115/115/115 128/128/128
f 128/128/128 115/115/115 129/129/129
f 115/115/115 116/116/116 129/129/129
f 129/129/129 116/116/116 130/130/130
f 116/116/116 117/117/117 130/130/130
f 131/131/131 118/118/118 132/132/132
f 118/118/118 119/119/119 132/132/132
f 132/132/132 119/119/119 133/133/133
f 119/119/119 120/120/120 133/133/133
f 133/133/133 120/120/120 134/134/134
f 120/120/120 121/121/121 134/134/134
f 134/134/134 121/121/121 135/135/135
f 121/121/121 122/122/122 135/135/135
f 135/135/135 122/122/122 136/136/136
f 122/122/122 123/123/123 136/136/136
f 136/136/136 123/123/123 137/137/137
f 123/123/123 124/124/124 137/137/137
f 137/137/137 124/124/124 138/138/138
f 124/124/124 125/125/125 138/138/138
f 138/138/138 125/125/125 139/139/139
f 125/125/125 126/126/126 139/139/139
f 139/139/139 126/126/126 140/140/140
f 126/126/126 127/127/127 140/140/140
f 140/140/140 127/127/127 141/141/141
f 127/127/127 128/128/128 141/141/141
f 141/141/141 128/128/128 142/142/142
f 128/128/128 129/129/129 142/142/142
f 142/142/142 129/129/129 143/143/143
f 129/129/129 130/130/130 143/143/143
f 144/144/144 131/131/131 145/145/145
f 131/131/131 132/132/132 145/145/145
f 145/145/145 132/132/132 146/146/146
f 132/132/132 133/133/133 146/146/146
f 146/146/146 133/133/133 147/147/147
f 133/133/133 134/134/134 147/147/147
f 147/147/147 134/134/134 148/148/148
f 134/134/134 135/135/135 148/148/148
f 148/148/148 135/135/135 149/149/149
f 135/135/135 136/136/136 149/149/149
f 149/149/149 136/136/136 150/150/150
f 136/136/136 137/137/137 150/150/150
f 150/150/150 137/137/137 151/151/151
f 137/137/137 138/138/138 151/151/151
f 151/151/151 138/138/138 152/152/152
f 138/138/138 139/139/139 152/152/152
f 152/152/152 139/139/139 153/153/153
f 139/139/139 140/140/140 153/153/153
f 153/153/153 140/140/140 154/154/154
f 140/140/140 141/141/141 154/154/154
f 154/154/154 141/141/141 155/155/155
f 141/141/141 142/142/142 155/155/155
f 155/155/155 142/142/142 156/156/156
f 142/142/142 143/143/143 156/156/156
f 157/157/157 144/144/144 158/158/158
f 144/144/144 145/145/145 158/158/158
f 158/158/158 145/145/145 159/159/159
f 145/145/145 146/146/146 159/159/159
f 159/159/159 146/146/146 160/160/160
f 146/146/146 147/147/147 160/160/160
f 160/160/160 147/147/147 161/161/161
f 147/147/147 148/148/148 161/161/161
f 161/161/161 148/148/148 162/162/162
f 148/148/148 149/149/149 162/162/162
f 162/162/162 149/149/149 163/163/163
f 149/149/149 150/150/150 163/163/163
f 163/163/163 150/150/150 164/164/164
f 150/150/150 151/151/151 164/164/164
f 164/164/164 151/151/151 165/165/165
f 151/151/151 152/152/152 165/165/165
f 165/165/165 152/152/152 166/166/166
f 152/152/152 153/153/153 166/166/166
f 166/166/166 153/153/153 167/167/167
f 153/153/153 154/154/154 167/167/167
f 167/167/167 154/154/154 168/168/168
f 154/154/154 155/155/155 168/168/168
f 168/168/168 155/155/155 169/169/169
f 155/155/155 156/156/156 169/169/169
f 170/170/170 157/157/157 171/171/171
f 157/157/157 158/158/158 171/171/171
f 171/171/171 158/158/158 172/172/172
f 158/158/158 159/159/159 172/172/172
f 172/172/172 159/159/159 173/173/173
f 159/159/159 160/160/160 173/173/173
f 173/173/173 160/160/160 174/174/174
f 160/160/160 161/161/161 174/174/174
f 174/174/174 161/161/161 175/175/175
f 161/161/161 162/162/162 175/175/175
f 175/175/175 162/162/162 176/176/176
f 162/162/162 163/163/163 176/176/176
f 176/176/176 163/163/163 177/177/177
f 163/163/163 164/164/164 177/177/177
f 177/177/177 164/164/164 178/178/178
f 164/164/164 165/165/165 178/178/178
f 178/178/178 165/165/165 179/179/179
f 165/165/165 166/166/166 179/179/179
f 179/179/179 166/166/166 180/180/180
f 166/166/166 167/167/167 180/180/180
f 180/180/180 167/167/167 181/181/181
f 167/167/167 168/168/168 181/181/181
f 181/181/181 168/168/168 182/182/182
f 168/168/168 169/169/169 182/182/182
f 183/183/183 170/170/170 184/184/184
f 170/170/170 171/171/171 184/184/184
f 184/184/184 171/171/171 185/185/185
f 171/171/171 172/172/172 185/185/185
f 185/185/185 172/172/172 186/186/186
f 172/172/172 173/173/173 186/186/186
f 186/186/186 173/173/173 187/187/187
f 173/173/173 174/174/174 187/187/187
f 187/187/187 174/174/174 188/188/188
f 174/174/174 175/175/175 188/188/188
f 188/188/188 175/175/175 189/189/189
f 175/175/175 176/176/176 189/189/189
f 189/189/189 176/176/176 190/190/190
f 176/176/176 177/177/177 190/190/190
f 190/190/190 177/177/177 191/191/191
f 177/177/177 178/178/178 191/191/191
f 191/191/191 178/178/178 192/192/192
f 178/178/178 179/179/179 192/192/192
f 192/192/192 179/179/179 193/193/193
f 179/179/179 180/180/180 193/193/193
f 193/193/193 180/180/180 194/194/194
f 180/180/180 181/181/181 194/194/194
f 194/194/194 181/181/181 195/195/195
f 181/181/181 182/182/182 195/195/195
f 196/196/196 183/183/183 197/197/197
f 183/183/183 184/184/184 197/197/197
f 197/197/197 184/184/184 198/198/198
f 184/184/184 185/185/185 198/198/198
f 198/198/198 185/185/185 199/199/199
f 185/185/185 186/186/186 199/199/199
f 199/199/199 186/186/186 200/200/200
f 186/186/186 187/187/187 200/200/200
f 200/200/200 187/187/187 201/201/201
f 187/187/187 188/188/188 201/201/201
f 201/201/201 188/188/188 202/202/202
f 188/188/188 189/189/189 202/202/202
f 202/202/202 189/189/189 203/203/203
f 189/189/189 190/190/190 203/203/203
f 203/203/203 190/190/190 204/204/204
f 190/190/190 191/191/191 204/204/204
f 204/204/204 191/191/191 205/205/205
f 191/191/191 192/192/192 205/205/205
f 205/205/205 192/192/192 206/206/206
f 192/192/192 193/193/193 206/206/206
f 206/206/206 193/193/193 207/207/207
f 193/193/193 194/194/194 207/207/207
f 207/207/207 194/194/194 208/208/208
f 194/194/194 195/195/195 208/208/208
f 209/209/209 196/196/196 210/210/210
f 196/196/196 197/197/197 210/210/210
f 210/210/210 197/197/197 211/211/211
f 197/197/197 198/198/198 211/211/211
f 211/211/211 198/198/198 212/212/212
f 198/198/198 199/199/199 212/212/212
f 212/212/212 199/199/199 213/213/213
f 199/199/199 200/200/200 213/213/213
f 213/213/213 200/200/200 214/214/214
f 200/200/200 201/201/201 214/214/214
f 214/214/214 201/201/201 215/215/215
f 201/201/201 202/202/202 215/215/215
f 215/215/215 202/202/202 216/216/216
f 202/202/202 203/203/203 216/216/216
f 216/216/216 203/203/203 217/217/217
f 203/203/203 204/204/204 217/217/217
f 217/217/217 204/204/204 218/218/218
f 204/204/204 205/205/205 218/218/218
f 218/218/218 205/205/205 219/219/219
f 205/205/205 206/206/206 219/219/219
f 219/219/219 206/206/206 220/220/220
f 206/206/206 207/207/207 220/220/220
f 220/220/220 207/207/207 221/221/221
f 207/207/207 208/208/208 221/221/221
f 222/222/222 209/209/209 223/223/223
f 209/209/209 210/210/210 223/223/223
f 223/223/223 210/210/210 224/224/224
f 210/210/210 211/211/211 224/224/224
f 224/224/224 211/211/211 225/225/225
f 211/211/211 212/212/212 225/225/225
f 225/225/225 212/212/212 226/226/226
f 212/212/212 213/213/213 226/226/226
f 226/226/226 213/213/213 227/227/227
f 213/213/213 214/214/214 227/227/227
f 227/227/227 214/214/214 228/228/228
f 214/214/214 215/215/215 228/228/228
f 228/228/228 215/215/215 229/229/229
f 215/215/215 216/216/216 229/229/229
f 229/229/229 216/216/216 230/230/230
f 216/216/216 217/217/217 230/230/230
f 230/230/230 217/217/217 231/231/231
f 217/217/217 218/218/218 231/231/231
f 231/231/231 218/218/218 232/232/232
f 218/218/218 219/219/219 232/232/232
f 232/232/232 219/219/219 233/233/233
f 219/219/219 220/220/220 233/233/233
f 233/233/233 220/220/220 234/234/234
f 220/220/220 221/221/221 234/234/234
f 235/235/235 222/222/222 236/236/236
f 222/222/222 223/223/223 236/236/236
f 236/236/236 223/223/223 237/237/237
f 223/223/223 224/224/224 237/237/237
f 237/237/237 224/224/224 238/238/238
f 224/224/224 225/225/225 238/238/238
f 238/238/238 225/225/225 239/239/239
f 225/225/225 226/226/226 239/239/239
f 239/239/239 226/226/226 240/240/240
f 226/226/226 227/227/227 240/240/240
f 240/240/240 227/227/227 241/241/241
f 227/227/227 228/228/228 241/241/241
f 241/241/241 228/228/228 242/242/242
f 228/228/228 229/229/229 242/242/242
f 242/242/242 229/229/229 243/243/243
f 229/229/229 230/230/230 243/243/243
f 243/243/243 230/230/230 244/244/244
f 230/230/230 231/231/231 244/244/244
f 244/244/244 231/231/231 245/245/245
f 231/231/231 232/232/232 245/245/245
f 245/245/245 232/232/232 246/246/246
f 232/232/232 233/233/233 246/246/246
f 246/246/246 233/233/233 247/247/247
f 233/233/233 234/234/234 247/247/247
f 248/248/248 235/235/235 249/249/249
f 235/235/235 236/236/236 249/249/249
f 249/249/249 236/236/236 250/250/250
f 236/236/236 237/237/237 250/250/250
f 250/250/250 237/237/237 251/251/251
f 237/237/237 238/238/238 251/251/251
f 251/251/251 238/238/238 252/252/252
f 238/238/238 239/239/239 252/252/252
f 252/252/252 239/239/239 253/253/253
f 239/239/239 240/240/240 253/253/253
f 253/253/253 240/240/240 254/254/254
f 240/240/240 241/241/241 254/254/254
f 254/254/254 241/241/241 255/255/255
f 241/241/241 242/242/242 255/255/255
f 255/255/255 242/242/242 256/256/256
f 242/242/242 243/243/243 256/256/256
f 256/256/256 243/243/243 257/257/257
f 243/243/243 244/244/244 257/257/257
f 257/257/257 244/244/244 258/258/258
f 244/244/244 245/245/245 258/258/258
f 258/258/258 245/245/245 259/259/259
f 245/245/245 246/246/246 259/259/259
f 259/259/259 246/246/246 260/260/260
f 246/246/246 247/247/247 260/260/260
f 261/261/261 248/248/248 262/262/262
f 248/248/248 249/249/249 262/262/262
f 262/262/262 249/249/249 263/263/263
f 249/249/249 250/250/250 263/263/263
f 263/263/263 250/250/250 264/264/264
f 250/250/250 251/251/251 264/264/264
f 264/264/264 251/251/251 265/265/265
f 251/251/251 252/252/252 265/265/265
f 265/265/265 252/252/252 266/266/266
f 252/252/252 253/253/253 266/266/266
f 266/266/266 253/253/253 267/267/267
f 253/253/253 254/254/254 267/267/267
f 267/267/267 254/254/254 268/268/268
f 254/254/254 255/255/255 268/268/268
f 268/268/268 255/255/255 269/269/269
f 255/255/255 256/256/256 269/269/269
f 269/269/269 256/256/256 270/270/270
f 256/256/256 257/257/257 270/270/270
f 270/270/270 257/257/257 271/271/271
f 257/257/257 258/258/258 271/271/271
f 271/271/271 258/258/258 272/272/272
f 258/258/258 259/259/259 272/272/272
f 272/272/272 259/259/259 273/273/273
f 259/259/259 260/260/260 273/273/273
f 274/274/274 261/261/261 275/275/275
f 261/261/261 262/262/262 275/275/275
f 275/275/275 262/262/262 276/276/276
f 262/262/262 263/263/263 276/276/276
f 276/276/276 263/263/263 277/277/277
f 263/263/263 264/264/264 277/277/277
f 277/277/277 264/264/264 278/278/278
f 264/264/264 265/265/265 278/278/278
f 278/278/278 265/265/265 279/279/279
f 265/265/265 266/266/266 279/279/279
f 279/279/279 266/266/266 280/280/280
f 266/266/266 267/267/267 280/280/280
f 280/280/280 267/267/267 281/281/281
f 267/267/267 268/268/268 281/281/281
f 281/281/281 268/268/268 282/282/282
f 268/268/268 269/269/269 282/282/282
f 282/282/282 269/269/269 283/283/283
f 269/269/269 270/270/270 283/283/283
f 283/283/283 270/270/270 284/284/284
f 270/270/270 271/271/271 284/284/284
f 284/284/284 271/271/271 285/285/285
f 271/271/271 272/272/272 285/285/285
f 285/285/285 272/272/272 286/286/286
f 272/272/272 273/273/273 286/286/286
f 287/287/287 274/274/274 288/288/288
f 274/274/274 275/275/275 288/288/288
f 288/288/288 275/275/275 289/289/289
f 275/275/275 276/276/276 289/289/289
f 289/289/289 276/276/276 290/290/290
f 276/276/276 277/277/277 290/290/290
f 290/290/290 277/277/277 291/291/291
f 277/277/277 278/278/278 291/291/291
f 291/291/291 278/278/278 292/292/292
f 278/278/278 279/279/279 292/292/292
f 292/292/292 279/279/279 293/293/293
f 279/279/279 280/280/280 293/293/293
f 293/293/293 280/280/280 294/294/294
f 280/280/280 281/281/281 294/294/294
f 294/294/294 281/281/281 295/295/295
f 281/281/281 282/282/282 295/295/295
f 295/295/295 282/282/282 296/296/296
f 282/282/282 283/283/283 296/296/296
f 296/296/296 283/283/283 297/297/297
f 283/283/283 284/284/284 297/297/297
f 297/297/297 284/284/284 298/298/298
f 284/284/284 285/285/285 298/298/298
f 298/298/298 285/285/285 299/299/299
f 285/285/285 286/286/286 299/299/299
f 300/300/300 287/287/287 301/301/301
f 287/287/287 288/288/288 301/301/301
f 301/301/301 288/288/288 302/302/302
f 288/288/288 289/289/289 302/302/302
f 302/302/302 289/289/289 303/303/303
f 289/289/289 290/290/290 303/303/303
f 303/303/303 290/290/290 304/304/304
f 290/290/290 291/291/291 304/304/304
f 304/304/304 291/291/291 305/305/305
f 291/291/291 292/292/292 305/305/305
f 305/305/305 292/292/292 306/306/306
f 292/292/292 293/293/293 306/306/306
f 306/306/306 293/293/293 307/307/307
f 293/293/293 294/294/294 307/307/307
f 307/307/307 294/294/294 308/308/308
f 294/294/294 295/295/295 308/308/308
f 308/308/308 295/295/295 309/309/309
f 295/295/295 296/296/296 309/309/309
f 309/309/309 296/296/296 310/310/310
f 296/296/296 297/297/297 310/310/310
f 310/310/310 297/297/297 311/311/311
f 297/297/297 298/298/298 311/311/311
f 311/311/311 298/298/298 312/312/312
f 298/298/298 299/299/299 312/312/312
f 313/313/313 300/300/300 314/314/314
f 300/300/300 301/301/301 314/314/314
f 314/314/314 301/301/301 315/315/315
f 301/301/301 302/302/302 315/315/315
f 315/315/315 302/302/302 316/316/316
f 302/302/302 303/303/303 316/316/316
f 316/316/316 303/303/303 317/317/317
f 303/303/303 304/304/304 317/317/317
f 317/317/317 304/304/304 318/318/318
f 304/304/304 305/305/305 318/318/318
f 318/318/318 305/305/305 319/319/319
f 305/305/305 306/306/306 319/319/319
f 319/319/319 306/306/306 320/320/320
f 306/306/306 307/307/307 320/320/320
f 320/320/320 307/307/307 321/321/321
f 307/307/307 308/308/308 321/321/321
f 321/321/321 308/308/308 322/322/322
f 308/308/308 309/309/309 322/322/322
f 322/322/322 309/309/309 323/323/323
f 309/309/309 310/310/310 323/323/323
f 323/323/323 310/310/310 324/324/324
f 310/310/310 311/311/311 324/324/324
f 324/324/324 311/311/311 325/325/325
f 311/311/311 312/312/312 325/325/325
f 326/326/326 313/313/313 327/327/327
f 313/313/313 314/314/314 327/327/327
f 327/327/327 314/314/314 328/328/328
f 314/314/314 315/315/315 328/328/328
f 328/328/328 315/315/315 329/329/329
f 315/315/315 316/316/316 329/329/329
f 329/329/329 316/316/316 330/330/330
f 316/316/316 317/317/317 330/330/330
f 330/330/330 317/317/317 331/331/331
f 317/317/317 318/318/318 331/331/331
f 331/331/331 318/318/318 332/332/332
f 318/318/318 319/319/319 332/332/332
f 332/332/332 319/319/319 333/333/333
f 319/319/319 320/320/320 333/333/333
f 333/333/333 320/320/320 334/334/334
f 320/320/320 321/321/321 334/334/334
f 334/334/334 321/321/321 335/335/335
f 321/321/321 322/322/322 335/335/335
f 335/335/335 322/322/322 336/336/336
f 322/322/322 323/323/323 336/336/336
f 336/336/336 323/323/323 337/337/337
f 323/323/323 324/324/324 337/337/337
f 337/337/337 324/324/324 338/338/338
f 324/324/324 325/325/325 338/338/338
f 339/339/339 326/326/326 340/340/340
f 326/326/326 327/327/327 340/340/340
f 340/340/340 327/327/327 341/341/341
f 327/327/327 328/328/328 341/341/341
f 341/341/341 328/328/328 342/342/342
f 328/328/328 329/329/329 342/342/342
f 342/342/342 329/329/329 343/343/343
f 329/329/329 330/330/330 343/343/343
f 343/343/343 330/330/330 344/344/344
f 330/330/330 331/331/331 344/344/344
f 344/344/344 331/331/331 345/345/345
f 331/331/331 332/332/332 345/345/345
f 345/345/345 332/332/332 346/346/346
f 332/332/332 333/333/333 346/346/346
f 346/346/346 333/333/333 347/347/347
f 333/333/333 334/334/334 347/347/347
f 347/347/347 334/334/334 348/348/348
f 334/334/334 335/335/335 348/348/348
f 348/348/348 335/335/335 349/349/349
f 335/335/335 336/336/336 349/349/349
f 349/349/349 336/336/336 350/350/350
f 336/336/336 337/337/337 350/350/350
f 350/350/350 337/337/337 351/351/351
f 337/337/337 338/338/338 351/351/351
f 352/352/352 339/339/339 353/353/353
f 339/339/339 340/340/340 353/353/353
f 353/353/353 340/340/340 354/354/354
f 340/340/340 341/341/341 354/354/354
f 354/354/354 341/341/341 355/355/355
f 341/341/341 342/342/342 355/355/355
f 355/355/355 342/342/342 356/356/356
f 342/342/342 343/343/343 356/356/356
f 356/356/356 343/343/343 357/357/357
f 343/343/343 344/344/344 357/357/357
f 357/357/357 344/344/344 358/358/358
f 344/344/344 345/345/345 358/358/358
f 358/358/358 345/345/345 359/359/359
f 345/345/345 346/346/346 359/359/359
f 359/359/359 346/346/346 360/360/360
f 346/346/346 347/347/347 360/360/360
f 360/360/360 347/347/347 361/361/361
f 347/347/347 348/348/348 361/361/361
f 361/361/361 348/348/348 362/362/362
f 348/348/348 349/349/349 362/362/362
f 362/362/362 349/349/349 363/363/363
f 349/349/349 350/350/350 363/363/363
f 363/363/363 350/350/350 364/364/364
f 350/350/350 351/351/351 364/364/364
f 365/365/365 352/352/352 366/366/366
f 352/352/352 353/353/353 366/366/366
f 366/366/366 353/353/353 367/367/367
f 353/353/353 354/354/354 367/367/367
f 367/367/367 354/354/354 368/368/368
f 354/354/354 355/355/355 368/368/368
f 368/368/368 355/355/355 369/369/369
f 355/355/355 356/356/356 369/369/369
f 369/369/369 356/356/356 370/370/370
f 356/356/356 357/357/357 370/370/370
f 370/370/370 357/357/357 371/371/371
f 357/357/357 358/358/358 371/371/371
f 371/371/371 358/358/358 372/372/372
f 358/358/358 359/359/359 372/372/372
f 372/372/372 359/359/359 373/373/373
f 359/359/359 360/360/360 373/373/373
f 373/373/373 360/360/360 374/374/374
f 360/360/360 361/361/361 374/374/374
f 374/374/374 361/361/361 375/375/375
f 361/361/361 362/362/362 375/375/375
f 375/375/375 362/362/362 376/376/376
f 362/362/362 363/363/363 376/376/376
f 376/376/376 363/363/363 377/377/377
f 363/363/363 364/364/364 377/377/377
f 378/378/378 365/365/365 379/379/379
f 365/365/365 366/366/366 379/379/379
f 379/379/379 366/366/366 380/380/380
f 366/366/366 367/367/367 380/380/380
f 380/380/380 367/367/367 381/381/381
f 367/367/367 368/368/368 381/381/381
f 381/381/381 368/368/368 382/382/382
f 368/368/368 369/369/369 382/382/382
f 382/382/382 369/369/369 383/383/383
f 369/369/369 370/370/370 383/383/383
f 383/383/383 370/370/370 384/384/384
f 370/370/370 371/371/371 384/384/384
f 384/384/384 371/371/371 385/385/385
f 371/371/371 372/372/372 385/385/385
f 385/385/385 372/372/372 386/386/386
f 372/372/372 373/373/373 386/386/386
f 386/386/386 373/373/373 387/387/387
f 373/373/373 374/374/374 387/387/387
f 387/387/387 374/374/374 388/388/388
f 374/374/374 375/375/375 388/388/388
f 388/388/388 375/375/375 389/389/389
f 375/375/375 376/376/376 389/389/389
f 389/389/389 376/376/376 390/390/390
f 376/376/376 377/377/377 390/390/390
f 391/391/391 378/378/378 392/392/392
f 378/378/378 379/379/379 392/392/392
f 392/392/392 379/379/379 393/393/393
f 379/379/379 380/380/380 393/393/393
f 393/393/393 380/380/380 394/394/394
f 380/380/380 381/381/381 394/394/394
f 394/394/394 381/381/381 395/395/395
f 381/381/381 382/382/382 395/395/395
f 395/395/395 382/382/382 396/396/396
f 382/382/382 383/383/383 396/396/396
f 396/396/396 383/383/383 397/397/397
f 383/383/383 384/384/384 397/397/397
f 397/397/397 384/384/384 398/398/398
f 384/384/384 385/385/385 398/398/398
f 398/398/398 385/385/385 399/399/399
f 385/385/385 386/386/386 399/399/399
f 399/399/399 386/386/386 400/400/400
f 386/386/386 387/387/387 400/400/400
f 400/400/400 387/387/387 401/401/401
f 387/387/387 388/388/388 401/401/401
f 401/401/401 388/388/388 402/402/402
f 388/388/388 389/389/389 402/402/402
f 402/402/402 389/389/389 403/403/403
f 389/389/389 390/390/390 403/403/403
f 404/404/404 391/391/391 405/405/405
f 391/391/391 392/392/392 405/405/405
f 405/405/405 392/392/392 406/406/406
f 392/392/392 393/393/393 406/406/406
f 406/406/406 393/393/393 407/407/407
f 393/393/393 394/394/394 407/407/407
f 407/407/407 394/394/394 408/408/408
f 394/394/394 395/395/395 408/408/408
f 408/408/408 395/395/395 409/409/409
f 395/395/395 396/396/396 409/409/409
f 409/409/409 396/396/396 410/410/410
f 396/396/396 397/397/397 410/410/410
f 410/410/410 397/397/397 411/411/411
f 397/397/397 398/398/398 411/411/411
f 411/411/411 398/398/398 412/412/412
f 398/398/398 399/399/399 412/412/412
f 412/412/412 399/399/399 413/413/413
f 399/399/399 400/400/400 413/413/413
f 413/413/413 400/400/400 414/414/414
f 400/400/400 401/401/401 414/414/414
f 414/414/414 401/401/401 415/415/415
f 401/401/401 402/402/402 415/415/415
f 415/415/415 402/402/402 416/416/416
f 402/402/402 403/403/403 416/416/416
f 417/417/417 404/404/404 418/418/418
f 404/404/404 405/405/405 418/418/418
f 418/418/418 405/405/405 419/419/419
f 405/405/405 406/406/406 419/419/419
f 419/419/419 406/406/406 420/420/420
f 406/406/406 407/407/407 420/420/420
f 420/420/420 407/407/407 421/421/421
f 407/407/407 408/408/408 421/421/421
f 421/421/421 408/408/408 422/422/422
f 408/408/408 409/409/409 422/422/422
f 422/422/422 409/409/409 423/423/423
f 409/409/409 410/410/410 423/423/423
f 423/423/423 410/410/410 424/424/424
f 410/410/410 411/411/411 424/424/424
f 424/424/424 411/411/411 425/425/425
f 411/411/411 412/412/412 425/425/425
f 425/425/425 412/412/412 426/426/426
f 412/412/412 413/413/413 426/426/426
f 426/426/426 413/413/413 427/427/427
f 413/413/413 414/414/414 427/427/427
f 427/427/427 414/414/414 428/428/428
f 414/414/414 415/415/415 428/428/428
f 428/428/428 415/415/415 429/429/429
f 415/415/415 416/416/416 429/429/429
